project/tables/ges_dr5_oc_li1_feh_teff_logg
# %ECSV 1.0
# ---
# datatype:
# -
#   name: OBJECT
#   datatype: string
#   description: GES object name from coordinates
#   meta:
#     ucd: meta.id;meta.main
# -
#   name: TEFF
#   datatype: float32
#   unit: K
#   description: Effective Temperature
#   meta:
#     ucd: phys.temperature.effective
# -
#   name: E_TEFF
#   datatype: float32
#   unit: K
#   description: Error on TEFF
#   meta:
#     ucd: stat.error;phys.temperature.effective;meta.main
# -
#   name: LOGG
#   datatype: float32
#   unit: log(cm/s**2)
#   description: Log Surface Gravity (gravity in cm/s**2)
#   meta:
#     ucd: phys.gravity
# -
#   name: E_LOGG
#   datatype: float32
#   unit: log(cm/s**2)
#   description: Error on LOGG
#   meta:
#     ucd: stat.error;phys.gravity;meta.main
# -
#   name: FEH
#   datatype: float32
#   unit: dex
#   description: Metallicity
#   meta:
#     ucd: phys.abund.Fe
# -
#   name: E_FEH
#   datatype: float32
#   unit: dex
#   description: Error on FEH
#   meta:
#     ucd: stat.error;phys.abund.Fe;meta.main
# -
#   name: LI1
#   datatype: float32
#   unit: dex
#   description: Neutral Lithium Abundance
#   meta:
#     ucd: phys.abund
# -
#   name: E_LI1
#   datatype: float32
#   unit: dex
#   description: Error on LI1
#   meta:
#     ucd: stat.error;phys.abund
# -
#   name: GES_FLD
#   datatype: string
#   description: GES field name from CASU
#   meta:
#     ucd: meta.id
# meta:
#   name: result_S1659803454470
#   QUERY_STATUS: OK
#   PROVIDER: ESO
#   QUERY: 'SELECT object, teff, e_teff, logg, e_logg, FEH, E_FEH, Li1, E_Li1, ges_fld FROM GES_DR5  where ges_fld in (  SELECT distinct ges_fld  FROM GES_DR5   where ges_type   like ''GE_CL%'' or ges_type like ''GE_SD_OC%'' or ges_type like ''AR_CL%'' or ges_type like ''AR_SD_OC'' ) AND LI1 IS NOT NULL AND FEH is not null AND GES_FLD IS NOT NULL AND TEFF IS NOT NULL AND LOGG IS NOT NULL AND NN_TEFF IS NOT NULL AND NN_LOGG IS NOT NULL AND NN_FEH IS NOT NULL order by ges_fld'
OBJECT TEFF E_TEFF LOGG E_LOGG FEH E_FEH LI1 E_LI1 GES_FLD
[from data line 8292]
06284987-0459156 4845.0 82.0 2.66 0.26 -0.35 0.1 1.24 0.14 NGC2232
06285579-0458421 5022.0 84.0 4.5 0.22 -0.05 0.08 0.94 nan NGC2232
06274892-0458366 4911.0 32.0 2.75 0.05 -0.12 0.05 0.0 nan NGC2232
06282023-0457070 4597.0 32.0 2.48 0.06 0.05 0.05 0.24 0.07 NGC2232
06282289-0453210 4505.0 31.0 2.23 0.05 -0.17 0.05 0.61 0.05 NGC2232
06264931-0455543 4990.0 82.0 4.19 0.32 -0.17 0.1 1.53 0.17 NGC2232
06265041-0454157 4912.0 94.0 2.63 0.58 -0.64 0.18 1.45 0.2 NGC2232
06265065-0455299 5565.0 95.0 3.79 0.39 -0.74 0.14 2.1 0.13 NGC2232
06265372-0459093 4200.58 94.49 4.8 0.19 0.03 0.09 0.91 0.15 NGC2232
06265658-0453546 5043.0 94.0 4.09 0.23 0.1 0.08 1.48 0.2 NGC2232
06270086-0453548 4964.0 82.0 4.56 0.2 -0.1 0.08 1.11 0.2 NGC2232
06270097-0449065 3809.5 58.68 4.65 0.09 -0.4 0.13 0.01 0.21 NGC2232
06270147-0455411 5764.0 98.0 3.23 0.4 -0.12 0.13 2.59 0.13 NGC2232
06270364-0502370 4592.0 84.0 2.56 0.13 -0.09 0.06 0.01 0.27 NGC2232
06270380-0456011 4542.91 92.75 4.54 0.15 0.09 0.06 -0.1 nan NGC2232
06270494-0457059 5117.0 83.0 3.83 0.18 0.01 0.06 1.3 0.13 NGC2232
06270630-0459295 3965.41 88.95 5.19 0.29 0.14 0.17 0.87 nan NGC2232
06271272-0455029 3811.33 61.12 4.55 0.12 0.19 0.13 0.3 0.19 NGC2232
06271350-0445594 4827.0 82.0 4.61 0.14 -0.04 0.06 0.54 0.22 NGC2232
06271975-0458522 3843.16 72.93 3.14 0.26 0.39 0.19 0.16 0.39 NGC2232
06272287-0456286 3807.63 60.1 4.5 0.11 0.4 0.11 -1.0 nan NGC2232
06272349-0455040 3925.53 64.01 4.68 0.11 -0.38 0.11 0.29 0.15 NGC2232
06272967-0454532 4623.0 81.0 4.66 0.14 0.04 0.06 0.64 0.15 NGC2232
06275235-0459477 4506.1 80.92 4.78 0.12 0.09 0.05 0.05 nan NGC2232
06265632-0454106 5798.0 40.0 4.45 0.07 -0.12 0.08 3.17 0.04 NGC2232
06270027-0458318 5932.0 32.0 4.34 0.05 -0.03 0.05 2.2 0.04 NGC2232
06272453-0454116 5747.0 31.0 4.15 0.05 0.06 0.05 2.1 0.03 NGC2232
06272494-0457028 4605.0 31.0 2.46 0.05 0.07 0.05 0.21 0.06 NGC2232
06243886-0449311 4708.0 84.0 2.78 0.12 -0.1 0.07 0.35 0.26 NGC2232
06244320-0450192 6205.0 81.0 4.21 0.12 -0.2 0.07 2.86 0.07 NGC2232
06245127-0445091 6308.0 83.0 4.32 0.14 0.23 0.07 2.6 0.1 NGC2232
06245238-0441297 4912.0 83.0 4.56 0.14 0.01 0.05 0.91 nan NGC2232
06245299-0449270 4954.0 82.0 3.07 0.21 -0.29 0.09 0.57 0.41 NGC2232
06245317-0452179 4809.0 83.0 2.61 0.21 -0.17 0.08 0.47 0.67 NGC2232
06245351-0441266 6207.0 81.0 4.25 0.12 -0.13 0.06 1.96 0.13 NGC2232
06245757-0450086 4616.0 82.0 2.71 0.09 0.03 0.05 -0.11 0.23 NGC2232
06250119-0454462 6444.0 82.0 4.19 0.21 -0.05 0.1 2.67 0.14 NGC2232
06250357-0456194 6330.0 83.0 4.22 0.1 0.0 0.05 3.26 0.06 NGC2232
06250430-0453198 5203.0 83.0 4.69 0.17 -0.23 0.08 1.18 0.2 NGC2232
06250814-0457572 4989.0 82.0 3.2 0.19 -0.02 0.07 1.19 nan NGC2232
06250964-0454389 6832.0 82.0 4.16 0.09 0.03 0.05 2.45 0.1 NGC2232
06251285-0439263 6296.0 83.0 4.22 0.18 -0.07 0.08 2.65 0.09 NGC2232
06251324-0445010 5372.0 81.0 4.42 0.16 0.18 0.06 1.34 0.2 NGC2232
06251342-0440467 4458.66 86.2 2.19 0.18 -0.24 0.08 0.49 nan NGC2232
06251366-0439134 6404.0 85.0 3.97 0.18 -0.1 0.08 2.35 0.19 NGC2232
06251478-0441276 4773.0 82.0 2.75 0.2 -0.18 0.07 0.93 nan NGC2232
06251621-0454309 4652.0 83.0 2.48 0.2 -0.19 0.09 0.52 0.21 NGC2232
06251834-0458086 6872.0 83.0 4.18 0.12 0.02 0.07 2.67 0.12 NGC2232
06251933-0442048 5420.0 81.0 4.08 0.13 0.02 0.06 3.36 0.1 NGC2232
06252024-0457484 6141.0 81.0 4.1 0.14 -0.11 0.08 1.76 nan NGC2232
06252182-0443522 5957.0 82.0 4.32 0.17 -0.02 0.09 2.64 0.09 NGC2232
06252279-0442357 6265.0 81.0 4.14 0.19 0.06 0.08 2.04 0.37 NGC2232
06252405-0443575 6110.0 83.0 3.95 0.18 -0.38 0.1 2.66 0.08 NGC2232
06252417-0459330 5803.0 78.0 4.16 0.2 -0.37 0.11 1.74 0.22 NGC2232
06252537-0441171 6512.0 83.0 4.11 0.14 0.07 0.06 3.23 0.07 NGC2232
06252591-0457213 4321.81 95.83 2.18 0.24 0.02 0.09 -0.12 0.43 NGC2232
06252823-0456494 4675.0 83.0 2.64 0.13 -0.21 0.08 0.76 0.16 NGC2232
06252942-0447196 6695.0 82.0 4.13 0.09 -0.04 0.05 3.23 0.06 NGC2232
06253281-0455488 6007.0 82.0 4.35 0.12 0.11 0.06 2.31 0.09 NGC2232
06253651-0437548 6699.0 82.0 4.04 0.1 -0.1 0.06 2.21 0.14 NGC2232
06254238-0447322 6924.0 86.0 4.17 0.13 0.03 0.07 2.41 nan NGC2232
06254376-0454485 5953.0 81.0 4.32 0.09 0.05 0.05 3.3 0.07 NGC2232
06254467-0454592 5673.0 79.0 4.33 0.13 0.2 0.05 2.22 0.09 NGC2232
06254476-0446436 6530.0 85.0 4.09 0.16 0.06 0.07 2.57 0.14 NGC2232
06254529-0457582 5222.0 83.0 4.42 0.15 -0.35 0.07 1.11 0.2 NGC2232
06254845-0439358 5834.0 83.0 4.26 0.16 -0.06 0.08 2.42 0.09 NGC2232
06255044-0450338 4684.0 80.0 2.61 0.17 -0.25 0.08 0.28 0.3 NGC2232
06255175-0442178 5745.0 81.0 4.09 0.18 0.02 0.08 1.6 0.31 NGC2232
06255796-0449139 6995.0 99.0 4.05 0.11 -0.1 0.06 2.66 0.17 NGC2232
06260045-0452087 4122.95 67.72 4.57 0.1 -0.21 0.05 -0.25 0.27 NGC2232
06260585-0452591 5028.0 84.0 3.25 0.26 -0.04 0.08 1.12 0.21 NGC2232
06260985-0446267 4848.0 82.0 2.98 0.2 -0.06 0.06 1.03 nan NGC2232
06253649-0430207 5001.0 81.0 3.45 0.36 -0.4 0.12 1.28 0.2 NGC2232
06254546-0423572 4820.0 81.0 2.81 0.27 -0.56 0.11 0.91 0.19 NGC2232
06260009-0435574 6369.0 85.0 3.94 0.17 -0.11 0.08 2.36 0.15 NGC2232
06260043-0436250 5668.0 82.0 4.33 0.12 -0.07 0.06 1.24 0.25 NGC2232
06260182-0436159 6270.0 83.0 4.15 0.14 -0.24 0.08 2.48 0.09 NGC2232
06260445-0427268 6188.0 81.0 4.3 0.11 0.16 0.05 2.48 0.08 NGC2232
06260685-0420086 5236.0 82.0 4.52 0.17 -0.19 0.08 0.98 0.39 NGC2232
06260749-0424227 4413.0 92.0 4.58 0.11 -0.09 0.07 0.2 nan NGC2232
06260898-0418521 5738.0 80.0 4.18 0.18 0.19 0.06 2.5 0.09 NGC2232
06261361-0436168 6289.0 82.0 4.19 0.11 0.05 0.06 3.33 0.06 NGC2232
06261474-0439301 6886.0 83.0 4.16 0.08 0.0 0.05 2.16 0.12 NGC2232
06261478-0426250 4665.0 82.0 2.65 0.15 -0.15 0.08 -0.09 0.67 NGC2232
06261636-0438026 5762.0 81.0 4.37 0.16 0.04 0.08 2.3 0.1 NGC2232
06261649-0426526 4571.0 82.0 2.31 0.2 -0.31 0.08 0.12 0.26 NGC2232
06261719-0418465 5729.0 82.0 4.17 0.16 -0.46 0.08 1.98 0.11 NGC2232
06261849-0436593 5767.0 84.0 4.43 0.13 -0.01 0.07 1.14 nan NGC2232
06262096-0433135 6838.0 83.0 4.15 0.09 -0.01 0.06 2.34 0.12 NGC2232
06262216-0416530 4443.48 93.06 2.15 0.21 -0.37 0.08 0.34 nan NGC2232
06262866-0437367 5840.0 83.0 4.38 0.1 0.02 0.06 3.1 0.08 NGC2232
06263150-0424423 5869.0 80.0 4.44 0.09 0.06 0.06 2.11 0.08 NGC2232
06263249-0436047 4677.0 83.0 2.61 0.1 -0.07 0.05 0.82 nan NGC2232
06263334-0425090 5625.0 83.0 4.58 0.15 0.01 0.08 1.64 nan NGC2232
06263381-0416432 4512.0 83.0 4.64 0.2 0.09 0.06 0.5 0.23 NGC2232
06263662-0432290 5747.0 84.0 4.19 0.13 -0.35 0.07 2.25 0.08 NGC2232
06263920-0417022 4821.0 81.0 2.69 0.1 -0.04 0.04 0.31 0.2 NGC2232
06263970-0437505 4571.0 82.0 2.35 0.2 -0.28 0.08 0.47 0.17 NGC2232
06264039-0420320 6356.0 83.0 4.08 0.11 -0.05 0.06 2.61 0.07 NGC2232
06264170-0418463 5421.0 82.0 4.36 0.18 -0.36 0.07 1.5 0.15 NGC2232
06264299-0422492 4482.0 79.0 2.24 0.19 -0.31 0.09 0.08 0.29 NGC2232
06264770-0429145 4821.0 80.0 2.81 0.14 0.02 0.06 1.07 nan NGC2232
06264955-0437598 5834.0 80.0 4.45 0.19 0.01 0.08 2.03 0.15 NGC2232
06265343-0417390 5922.0 81.0 4.22 0.17 -0.09 0.07 2.87 0.09 NGC2232
06265365-0419503 4983.0 83.0 3.2 0.25 -0.28 0.1 1.22 0.18 NGC2232
06265661-0425439 5427.0 81.0 4.62 0.15 -0.16 0.08 1.27 0.25 NGC2232
06244374-0451030 5767.0 82.0 4.34 0.34 -0.21 0.14 2.66 0.13 NGC2232
06244698-0446172 4677.0 83.0 4.67 0.28 -0.1 0.08 0.76 0.25 NGC2232
06245629-0444205 4378.6 88.87 4.83 0.15 -0.11 0.07 0.02 0.42 NGC2232
06250049-0447050 4006.09 74.97 4.75 0.14 -0.08 0.11 -0.31 nan NGC2232
06250341-0452567 4195.75 107.68 4.52 0.22 -0.04 0.15 0.66 0.21 NGC2232
06250444-0456250 4056.25 95.47 4.68 0.2 -0.23 0.18 0.24 nan NGC2232
06250667-0448327 4783.0 82.0 2.87 0.25 -0.15 0.07 0.91 nan NGC2232
06251254-0441423 4396.52 87.16 4.62 0.14 0.11 0.06 0.01 nan NGC2232
06251936-0444422 3929.8 83.02 5.04 0.29 0.24 0.17 0.58 0.26 NGC2232
06251947-0458138 4399.84 106.08 4.81 0.2 -0.16 0.09 0.44 nan NGC2232
06252082-0453046 4175.53 95.66 4.66 0.1 -0.16 0.13 0.49 0.2 NGC2232
06252097-0447586 3979.25 68.4 4.8 0.12 -0.3 0.11 0.15 0.22 NGC2232
06252165-0447426 4184.29 114.66 4.81 0.37 -0.68 0.26 0.27 nan NGC2232
06252333-0444406 5078.0 85.0 4.43 0.18 0.07 0.07 0.92 0.34 NGC2232
06252533-0438483 6873.0 98.0 3.66 0.39 -0.46 0.21 3.21 0.12 NGC2232
06252873-0456515 5270.0 83.0 3.37 0.4 -0.09 0.12 1.49 nan NGC2232
06252986-0440559 4019.61 71.31 4.69 0.12 0.18 0.07 -1.0 nan NGC2232
06253003-0459065 3826.8 59.05 4.57 0.09 0.08 0.08 -0.33 0.42 NGC2232
06253060-0444353 4221.43 93.34 4.65 0.18 -0.03 0.09 0.34 nan NGC2232
06253080-0447061 5197.0 83.0 4.07 0.27 0.09 0.07 1.28 0.31 NGC2232
06253119-0457394 3957.79 64.62 4.61 0.1 -0.08 0.07 -0.07 0.28 NGC2232
06253628-0449479 4340.5 136.67 5.36 0.48 0.17 0.12 0.5 0.39 NGC2232
06253753-0443249 4063.6 94.15 5.05 0.32 -0.29 0.2 0.52 0.24 NGC2232
06253949-0455512 4380.0 95.0 4.66 0.1 0.07 0.09 0.72 nan NGC2232
06254455-0457323 4832.0 95.0 3.03 0.6 0.23 0.13 0.9 nan NGC2232
06254654-0439123 5119.0 96.0 3.98 0.6 0.12 0.13 1.46 nan NGC2232
06255177-0441123 4143.25 105.08 4.33 0.32 0.03 0.15 0.49 0.25 NGC2232
06255685-0452429 4562.08 129.77 4.69 0.25 0.04 0.08 0.61 0.33 NGC2232
06255791-0445209 5050.0 83.0 2.96 0.25 -0.25 0.1 1.35 0.16 NGC2232
06260014-0451309 4084.44 88.95 4.66 0.17 0.35 0.09 -0.46 0.87 NGC2232
06260413-0442127 4615.0 96.0 2.81 0.63 -0.08 0.16 0.73 0.46 NGC2232
06252198-0457059 5257.0 55.0 3.42 0.09 -0.36 0.17 0.69 nan NGC2232
06253465-0442195 4915.0 31.0 2.63 0.05 -0.27 0.17 -0.12 nan NGC2232
06254941-0453169 6230.0 45.0 3.34 0.07 -0.8 0.17 1.82 nan NGC2232
06255461-0448200 5091.0 30.0 2.84 0.05 -0.13 0.17 0.03 nan NGC2232
06254609-0423263 3899.0 78.02 4.79 0.27 -1.22 0.61 0.75 0.21 NGC2232
06255134-0421110 4883.0 98.0 3.14 0.72 -0.3 0.18 1.21 nan NGC2232
06255156-0422473 6273.0 97.0 3.71 0.52 0.13 0.18 2.42 nan NGC2232
06255763-0429526 5289.0 95.0 4.56 0.67 0.47 0.12 2.17 0.21 NGC2232
06255800-0434453 4584.0 94.0 3.81 0.71 -0.23 0.21 0.61 nan NGC2232
06260352-0421185 5162.0 96.0 4.54 0.1 -0.29 0.12 1.16 0.28 NGC2232
06260536-0416084 4671.0 94.0 4.15 0.77 -0.03 0.17 0.93 nan NGC2232
06261315-0428320 6043.0 95.0 4.17 0.6 -0.04 0.19 2.73 0.17 NGC2232
06261788-0433540 5879.0 99.0 4.98 0.67 0.47 0.15 2.27 nan NGC2232
06261884-0426150 4685.0 97.0 4.9 0.66 0.01 0.13 0.75 nan NGC2232
06261957-0422320 4499.53 211.88 2.88 0.75 -0.19 0.18 0.56 nan NGC2232
06262222-0421350 4053.37 87.39 4.66 0.19 -0.14 0.16 -0.74 nan NGC2232
06262266-0428086 3845.92 77.27 3.0 0.3 -0.88 0.63 -0.22 0.42 NGC2232
06262280-0429223 4599.56 118.12 4.63 0.1 -0.07 0.08 0.93 0.2 NGC2232
06262464-0437543 4491.08 270.74 3.66 1.08 -0.61 0.3 0.85 0.5 NGC2232
06262527-0425103 4762.0 95.0 5.42 0.96 0.21 0.14 0.98 nan NGC2232
06262732-0437011 4821.0 97.0 3.43 0.87 -0.74 0.25 1.5 0.2 NGC2232
06262980-0430234 5590.0 80.0 4.48 0.33 -0.11 0.11 1.72 0.36 NGC2232
06263034-0434077 4593.0 97.0 3.93 0.67 -0.12 0.18 0.88 0.32 NGC2232
06263178-0434272 4599.38 201.63 4.24 0.67 -0.73 0.3 0.81 nan NGC2232
06263223-0428351 5748.0 80.0 4.36 0.27 -0.17 0.1 1.92 0.23 NGC2232
06263251-0419184 4495.97 94.34 4.58 0.16 0.0 0.06 0.32 nan NGC2232
06263469-0431562 4949.0 82.0 3.67 0.34 -0.05 0.09 1.44 0.17 NGC2232
06263617-0432261 4443.42 178.66 4.45 0.58 -0.12 0.19 0.63 nan NGC2232
06264016-0431569 4636.0 85.0 4.66 0.22 -0.06 0.07 0.57 0.24 NGC2232
06264155-0427379 4663.0 96.0 4.53 0.68 -0.2 0.16 2.49 0.21 NGC2232
06264209-0422537 5045.0 96.0 5.23 0.65 -0.16 0.14 1.51 0.23 NGC2232
06264455-0431549 4656.0 94.0 4.61 0.67 0.13 0.13 0.85 0.39 NGC2232
06264480-0426428 4856.0 91.0 3.81 0.8 -0.14 0.18 1.37 0.28 NGC2232
06264833-0421468 3944.33 96.8 3.17 0.32 -0.11 0.26 -1.0 nan NGC2232
06265004-0434467 4513.0 94.0 4.63 0.1 -0.11 0.08 0.06 0.71 NGC2232
06265104-0427514 4514.0 83.0 4.78 0.34 -0.06 0.11 0.65 0.33 NGC2232
06265624-0420080 4451.0 84.0 4.46 0.31 -0.06 0.11 0.62 0.3 NGC2232
06265664-0426571 4782.0 96.0 2.49 0.68 -0.29 0.18 1.32 0.24 NGC2232
06270081-0431027 5268.0 97.0 3.09 0.68 0.22 0.16 1.87 0.31 NGC2232
06255787-0425266 5113.0 31.0 2.92 0.05 -0.03 0.04 -0.02 nan NGC2232
06261909-0430304 4935.0 28.0 2.76 0.06 -0.05 0.05 0.4 nan NGC2232
06262777-0433218 6003.0 33.0 4.51 0.06 0.02 0.05 3.32 0.03 NGC2232
06265007-0432433 5276.0 31.0 3.64 0.05 -0.28 0.05 1.25 0.05 NGC2232
06274579-0424185 4777.0 81.0 2.61 0.2 -0.2 0.09 0.81 0.2 NGC2232
06274704-0423491 4663.0 83.0 2.55 0.14 -0.24 0.07 -0.33 0.55 NGC2232
06275124-0430062 6043.0 81.0 4.08 0.1 -0.2 0.06 2.25 0.07 NGC2232
06275397-0430378 6171.0 82.0 4.08 0.15 -0.27 0.08 1.93 0.18 NGC2232
06275540-0424556 4682.0 85.0 2.62 0.16 -0.1 0.08 0.21 0.55 NGC2232
06275690-0434473 6265.0 82.0 4.22 0.16 0.01 0.07 2.78 0.08 NGC2232
06275753-0425528 4473.93 74.4 2.25 0.15 -0.21 0.07 0.41 nan NGC2232
06275902-0429430 4856.0 81.0 3.01 0.17 -0.06 0.05 0.98 nan NGC2232
06280088-0423402 6245.0 83.0 4.09 0.11 0.12 0.06 2.1 0.11 NGC2232
06280316-0434313 5012.0 82.0 3.13 0.16 0.05 0.05 1.13 0.15 NGC2232
06280545-0415138 4758.0 83.0 2.69 0.14 -0.18 0.07 0.45 0.21 NGC2232
06280834-0418527 5281.0 83.0 4.64 0.13 0.02 0.06 1.25 nan NGC2232
06281344-0426161 5810.0 82.0 4.46 0.11 0.13 0.05 2.04 0.09 NGC2232
06281372-0433538 4642.0 83.0 2.61 0.15 -0.04 0.07 0.38 0.28 NGC2232
06281384-0415013 5098.0 79.0 2.98 0.21 -0.15 0.09 0.81 0.5 NGC2232
06281465-0422299 4976.0 85.0 4.63 0.11 -0.02 0.05 2.28 0.11 NGC2232
06281551-0418361 5725.0 81.0 4.39 0.11 0.27 0.05 1.44 0.17 NGC2232
06281589-0427107 6794.0 84.0 4.14 0.09 0.01 0.06 2.11 0.15 NGC2232
06281857-0423505 6233.0 80.0 3.98 0.13 -0.13 0.06 2.14 0.13 NGC2232
06281899-0423067 4481.41 88.7 4.7 0.15 -0.03 0.06 0.18 0.33 NGC2232
06282224-0418398 5647.0 82.0 4.45 0.14 0.14 0.07 1.41 nan NGC2232
06282348-0420525 6252.0 81.0 4.08 0.14 0.03 0.07 2.36 0.14 NGC2232
06282736-0413377 6322.0 83.0 4.13 0.08 0.0 0.05 2.61 0.06 NGC2232
06282738-0433169 6296.0 81.0 4.13 0.13 -0.21 0.08 1.75 0.29 NGC2232
06283193-0418020 6061.0 82.0 4.12 0.11 -0.19 0.06 2.77 0.07 NGC2232
06283426-0425075 5103.0 82.0 3.95 0.14 0.02 0.05 2.9 0.11 NGC2232
06284055-0428371 5816.0 82.0 4.21 0.15 -0.23 0.08 2.4 0.09 NGC2232
06284817-0427425 5861.0 82.0 4.27 0.19 -0.34 0.09 2.35 0.1 NGC2232
06284986-0417209 4594.0 82.0 2.69 0.1 -0.15 0.07 0.36 0.15 NGC2232
06285541-0435496 5022.0 83.0 4.54 0.18 -0.32 0.08 0.81 0.32 NGC2232
06290117-0424141 4693.0 80.0 2.57 0.19 -0.26 0.09 0.41 0.32 NGC2232
06290316-0427212 6358.0 82.0 4.04 0.15 -0.11 0.07 3.25 0.07 NGC2232
06290644-0417590 4700.0 81.0 2.53 0.19 -0.04 0.05 0.79 nan NGC2232
06290791-0421560 6036.0 84.0 4.39 0.08 0.19 0.05 1.51 0.17 NGC2232
06290952-0427199 5644.0 83.0 4.18 0.23 -0.35 0.09 1.66 nan NGC2232
06291037-0427438 5102.0 81.0 3.24 0.13 -0.01 0.05 1.17 nan NGC2232
06291216-0428534 5701.0 82.0 4.23 0.15 -0.4 0.07 2.0 0.11 NGC2232
06291273-0431023 5749.0 83.0 4.47 0.13 0.13 0.06 1.75 0.14 NGC2232
06273272-0521026 4796.0 96.0 4.97 0.87 0.13 0.14 0.76 nan NGC2232
06273756-0517306 3852.54 66.6 4.66 0.14 -0.71 0.3 -0.73 nan NGC2232
06274043-0516521 4019.44 68.78 4.67 0.12 -0.44 0.11 0.56 0.12 NGC2232
06274459-0526096 4591.66 182.76 3.59 0.56 0.14 0.13 1.02 nan NGC2232
06274479-0525077 4476.0 83.0 4.69 0.31 0.04 0.09 0.6 nan NGC2232
06274562-0519185 3950.31 79.9 4.71 0.18 -0.57 0.26 0.67 0.17 NGC2232
06274617-0515024 4100.17 88.77 4.65 0.17 -0.61 0.19 0.35 nan NGC2232
06274717-0519418 4152.19 99.57 4.52 0.2 -0.19 0.16 -0.35 0.74 NGC2232
06274874-0524519 4886.0 81.0 3.33 0.42 -0.21 0.13 1.14 nan NGC2232
06275024-0523386 3840.69 67.92 4.53 0.16 -0.18 0.22 0.54 0.17 NGC2232
06275194-0528568 5923.0 95.0 4.45 0.74 -0.9 0.31 2.53 0.16 NGC2232
06275257-0516294 4723.0 80.0 4.71 0.14 0.06 0.06 0.43 nan NGC2232
06275455-0520227 4416.48 79.77 4.73 0.12 0.1 0.05 -0.1 0.4 NGC2232
06275812-0519002 5567.0 82.0 4.32 0.28 -0.13 0.1 2.21 0.14 NGC2232
06275922-0518136 5184.0 82.0 4.41 0.14 -0.02 0.07 1.38 0.14 NGC2232
06280108-0517194 4777.0 96.0 3.91 0.56 0.03 0.12 1.11 nan NGC2232
06280124-0526422 4565.0 81.0 4.75 0.33 -0.18 0.1 0.41 nan NGC2232
06280198-0514366 4348.54 104.81 4.69 0.1 0.05 0.08 0.49 0.24 NGC2232
06281024-0526313 4528.68 121.98 4.77 0.23 0.0 0.08 0.58 0.3 NGC2232
