project/tables/ges_dr5_oc_li1_feh_teff_logg
# %ECSV 1.0
# ---
# datatype:
# -
#   name: OBJECT
#   datatype: string
#   description: GES object name from coordinates
#   meta:
#     ucd: meta.id;meta.main
# -
#   name: TEFF
#   datatype: float32
#   unit: K
#   description: Effective Temperature
#   meta:
#     ucd: phys.temperature.effective
# -
#   name: E_TEFF
#   datatype: float32
#   unit: K
#   description: Error on TEFF
#   meta:
#     ucd: stat.error;phys.temperature.effective;meta.main
# -
#   name: LOGG
#   datatype: float32
#   unit: log(cm/s**2)
#   description: Log Surface Gravity (gravity in cm/s**2)
#   meta:
#     ucd: phys.gravity
# -
#   name: E_LOGG
#   datatype: float32
#   unit: log(cm/s**2)
#   description: Error on LOGG
#   meta:
#     ucd: stat.error;phys.gravity;meta.main
# -
#   name: FEH
#   datatype: float32
#   unit: dex
#   description: Metallicity
#   meta:
#     ucd: phys.abund.Fe
# -
#   name: E_FEH
#   datatype: float32
#   unit: dex
#   description: Error on FEH
#   meta:
#     ucd: stat.error;phys.abund.Fe;meta.main
# -
#   name: LI1
#   datatype: float32
#   unit: dex
#   description: Neutral Lithium Abundance
#   meta:
#     ucd: phys.abund
# -
#   name: E_LI1
#   datatype: float32
#   unit: dex
#   description: Error on LI1
#   meta:
#     ucd: stat.error;phys.abund
# -
#   name: GES_FLD
#   datatype: string
#   description: GES field name from CASU
#   meta:
#     ucd: meta.id
# meta:
#   name: result_S1659803454470
#   QUERY_STATUS: OK
#   PROVIDER: ESO
#   QUERY: 'SELECT object, teff, e_teff, logg, e_logg, FEH, E_FEH, Li1, E_Li1, ges_fld FROM GES_DR5  where ges_fld in (  SELECT distinct ges_fld  FROM GES_DR5   where ges_type   like ''GE_CL%'' or ges_type like ''GE_SD_OC%'' or ges_type like ''AR_CL%'' or ges_type like ''AR_SD_OC'' ) AND LI1 IS NOT NULL AND FEH is not null AND GES_FLD IS NOT NULL AND TEFF IS NOT NULL AND LOGG IS NOT NULL AND NN_TEFF IS NOT NULL AND NN_LOGG IS NOT NULL AND NN_FEH IS NOT NULL order by ges_fld'
OBJECT TEFF E_TEFF LOGG E_LOGG FEH E_FEH LI1 E_LI1 GES_FLD
[from data line 5906]
10421947-6427439 4589.0 83.0 2.61 0.18 -0.09 0.04 -0.41 0.45 IC2602
10422107-6438578 4654.0 81.0 2.66 0.17 -0.07 0.06 0.73 nan IC2602
10423152-6437352 4699.0 84.0 2.65 0.1 0.04 0.05 1.43 0.13 IC2602
10423509-6431531 4498.0 81.0 2.33 0.14 -0.1 0.08 -1.0 nan IC2602
10404512-6541296 4600.0 83.0 2.65 0.11 0.06 0.05 -0.21 0.56 IC2602
10405270-6539406 4514.0 84.0 2.38 0.18 -0.1 0.08 0.62 nan IC2602
10410147-6535443 4576.0 80.0 2.75 0.12 0.11 0.05 0.83 nan IC2602
10411097-6529503 4744.0 84.0 2.72 0.08 0.06 0.05 0.43 0.16 IC2602
10411621-6530378 4482.78 77.13 2.49 0.1 0.13 0.05 -0.17 0.34 IC2602
10412736-6526482 4612.0 83.0 2.44 0.18 -0.1 0.05 0.66 nan IC2602
10413443-6535553 4727.0 82.0 2.62 0.13 -0.07 0.05 0.84 nan IC2602
10415444-6527401 4685.0 83.0 2.62 0.16 -0.05 0.06 0.2 0.32 IC2602
10415994-6532469 4227.19 71.46 1.96 0.23 0.2 0.05 0.24 0.15 IC2602
10420837-6537156 4759.0 80.0 2.68 0.12 -0.01 0.05 0.96 nan IC2602
10421685-6528316 4640.0 81.0 2.61 0.11 0.02 0.05 0.75 nan IC2602
10423221-6544479 4721.0 83.0 2.72 0.11 0.03 0.05 0.17 0.31 IC2602
10423776-6526573 4609.0 85.0 2.6 0.11 0.1 0.05 0.57 0.15 IC2602
10425010-6537128 4562.59 80.62 2.31 0.15 -0.13 0.08 -0.17 0.42 IC2602
10425332-6525029 4766.0 83.0 2.67 0.27 -0.09 0.06 0.92 nan IC2602
10425636-6535225 4524.0 82.0 2.37 0.15 -0.15 0.07 -0.26 0.4 IC2602
10430024-6530179 5376.0 80.0 4.47 0.07 -0.03 0.06 2.87 0.09 IC2602
10430328-6536231 4627.0 82.0 2.57 0.13 -0.06 0.05 0.71 nan IC2602
10433438-6547169 4527.9 84.92 2.32 0.17 -0.09 0.08 0.55 nan IC2602
10434319-6527479 4561.8 83.42 2.26 0.17 -0.25 0.08 -0.13 0.44 IC2602
10434657-6540198 4942.0 82.0 2.92 0.14 0.01 0.05 1.24 0.13 IC2602
10441279-6540127 5051.0 82.0 2.91 0.15 -0.03 0.05 0.55 0.26 IC2602
10441557-6538485 5724.0 84.0 4.24 0.09 -0.16 0.06 1.83 0.09 IC2602
10410978-6536045 5001.0 31.0 3.45 0.05 0.01 0.05 0.22 nan IC2602
10414561-6534337 5011.0 30.0 2.74 0.05 -0.04 0.05 0.68 0.08 IC2602
10431327-6538057 4890.0 31.0 2.7 0.05 -0.04 0.05 0.35 nan IC2602
10404411-6542536 4647.0 81.0 2.72 0.17 -0.11 0.09 0.73 nan IC2602
10405171-6538348 4561.0 82.0 2.37 0.26 -0.19 0.1 0.97 0.15 IC2602
10405294-6532100 4533.0 84.0 2.48 0.18 -0.18 0.08 0.89 0.14 IC2602
10405924-6531348 4769.0 80.0 2.82 0.27 -0.05 0.06 0.94 nan IC2602
10410411-6529309 4506.14 80.1 4.43 0.12 -0.06 0.06 -0.02 0.33 IC2602
10410576-6531204 4722.0 83.0 2.51 0.22 -0.13 0.06 0.8 nan IC2602
10410898-6534238 4946.0 82.0 2.81 0.15 -0.03 0.06 1.14 nan IC2602
10410905-6540058 4618.0 81.0 2.41 0.17 -0.09 0.07 0.58 nan IC2602
10412053-6536007 4657.0 80.0 2.7 0.11 -0.01 0.06 0.68 nan IC2602
10413315-6527271 4582.0 80.0 2.54 0.2 -0.04 0.08 0.66 0.19 IC2602
10413381-6541427 4553.22 81.45 2.51 0.11 -0.04 0.06 0.56 nan IC2602
10413678-6530174 4652.0 83.0 2.69 0.15 0.1 0.07 0.08 0.72 IC2602
10415098-6538179 4543.0 81.0 2.51 0.17 -0.07 0.08 0.46 nan IC2602
10415338-6537317 4314.04 81.32 4.74 0.13 0.09 0.06 0.28 0.2 IC2602
10415815-6524592 4514.0 83.0 2.35 0.32 -0.25 0.11 0.69 0.21 IC2602
10420312-6531495 4623.0 81.0 2.77 0.17 -0.01 0.06 -0.16 0.62 IC2602
10421667-6545472 4638.0 84.0 2.64 0.2 -0.09 0.08 0.61 0.22 IC2602
10422034-6545258 4470.5 89.36 2.61 0.15 0.08 0.06 0.51 0.18 IC2602
10422288-6529064 4754.0 82.0 2.7 0.21 -0.13 0.1 0.9 nan IC2602
10422321-6538316 4519.96 85.94 2.37 0.2 -0.13 0.07 0.38 0.18 IC2602
10422420-6544217 4148.24 70.82 4.61 0.11 -0.15 0.06 0.03 0.25 IC2602
10422773-6530344 4423.08 88.23 2.2 0.19 -0.17 0.09 -0.51 0.49 IC2602
10422859-6525332 4522.22 87.25 2.5 0.14 0.01 0.06 0.1 0.31 IC2602
10422968-6540055 4754.0 83.0 2.67 0.18 -0.25 0.08 0.73 nan IC2602
10423054-6524579 4541.0 81.0 2.41 0.2 -0.09 0.09 0.25 0.26 IC2602
10423544-6540236 4898.0 82.0 2.72 0.27 -0.13 0.06 1.07 nan IC2602
10424076-6533565 4889.0 83.0 2.81 0.15 -0.03 0.06 1.05 nan IC2602
10424968-6529325 4546.0 82.0 2.43 0.17 -0.09 0.06 0.49 nan IC2602
10425203-6536216 4684.0 82.0 2.69 0.11 0.01 0.06 0.8 nan IC2602
10425402-6529386 4668.0 83.0 2.62 0.15 -0.03 0.08 0.0 0.67 IC2602
10425830-6546276 4615.0 83.0 2.58 0.15 -0.26 0.08 0.23 0.3 IC2602
10430090-6533478 4704.0 84.0 2.57 0.17 -0.26 0.08 0.38 0.28 IC2602
10430184-6532198 4724.0 80.0 2.62 0.27 -0.13 0.08 0.09 0.75 IC2602
10430218-6528234 4862.0 81.0 2.69 0.15 -0.09 0.05 0.63 0.22 IC2602
10430311-6546399 4578.89 81.39 2.31 0.2 -0.31 0.08 0.3 nan IC2602
10430403-6541439 4643.0 85.0 2.59 0.18 -0.07 0.07 0.76 nan IC2602
10430628-6540307 4519.0 83.0 2.23 0.25 -0.4 0.09 0.9 0.15 IC2602
10430767-6541535 4645.0 83.0 2.78 0.14 -0.06 0.05 0.69 nan IC2602
10431273-6545454 4526.0 82.0 2.45 0.2 -0.16 0.09 -0.16 0.58 IC2602
10432424-6546519 4568.92 82.47 2.55 0.11 0.15 0.05 0.56 0.14 IC2602
10433920-6535469 4552.27 85.59 2.55 0.13 0.02 0.06 -0.5 0.53 IC2602
10434187-6540393 4427.63 93.12 2.25 0.22 -0.17 0.1 0.51 nan IC2602
10434332-6536247 4597.0 81.0 2.54 0.14 -0.07 0.07 0.53 0.14 IC2602
10434432-6540297 4570.0 81.0 2.57 0.13 -0.05 0.06 0.58 0.14 IC2602
10434493-6538067 4537.0 83.0 2.43 0.17 -0.14 0.08 -0.21 0.59 IC2602
10434933-6534485 4564.0 83.0 2.5 0.19 -0.05 0.07 0.61 nan IC2602
10435197-6543338 4914.0 80.0 3.44 0.25 0.03 0.06 0.65 0.32 IC2602
10435215-6535143 4437.15 76.93 2.23 0.15 -0.15 0.08 0.5 nan IC2602
10440108-6538066 4550.0 82.0 2.35 0.18 -0.19 0.08 0.39 nan IC2602
10440805-6544010 4832.0 82.0 2.76 0.23 -0.01 0.05 0.98 nan IC2602
10441075-6539477 4771.0 84.0 2.57 0.35 -0.27 0.11 1.13 0.18 IC2602
10424167-6543415 4998.0 30.0 3.22 0.05 -0.14 0.05 -0.32 nan IC2602
10430672-6535134 4572.0 30.0 2.78 0.05 0.33 0.05 -0.19 0.15 IC2602
10430781-6403518 4880.0 82.0 2.68 0.18 -0.07 0.04 0.99 nan IC2602
10431939-6349279 4867.0 85.0 2.79 0.1 0.0 0.05 0.39 0.22 IC2602
10434545-6347036 4582.45 79.87 2.3 0.15 -0.16 0.08 0.54 nan IC2602
10440169-6349502 4964.0 83.0 2.88 0.08 0.03 0.04 0.4 0.17 IC2602
10442661-6359150 4577.97 76.93 2.53 0.09 0.04 0.05 -0.15 0.23 IC2602
10444612-6348068 4745.0 82.0 2.82 0.1 0.02 0.05 0.1 0.25 IC2602
10445892-6351294 4655.0 83.0 2.6 0.08 0.03 0.05 1.08 0.13 IC2602
10450570-6344234 4539.0 81.0 2.37 0.14 -0.12 0.07 1.03 0.12 IC2602
10450850-6344313 4633.0 84.0 2.5 0.18 -0.07 0.06 0.57 nan IC2602
10451776-6401574 4712.0 80.0 2.63 0.21 -0.1 0.04 0.7 nan IC2602
10452908-6355406 4694.0 80.0 2.67 0.1 0.01 0.05 0.78 nan IC2602
10453138-6356211 4752.0 82.0 2.71 0.09 0.02 0.04 0.99 nan IC2602
10454523-6348339 4744.0 82.0 2.62 0.23 -0.06 0.05 0.74 nan IC2602
10433192-6347311 4979.0 31.0 2.71 0.05 -0.01 0.05 0.76 0.07 IC2602
10440681-6359351 5766.0 36.0 4.43 0.05 -0.04 0.05 3.3 0.04 IC2602
10425650-6359314 4459.35 75.79 2.23 0.14 -0.11 0.08 0.52 nan IC2602
10433519-6357071 4555.0 83.0 2.48 0.12 -0.09 0.07 0.61 nan IC2602
10433844-6352382 4724.0 80.0 2.72 0.12 -0.04 0.05 0.73 nan IC2602
10435642-6406521 4599.26 83.06 2.59 0.11 0.14 0.05 -0.09 0.53 IC2602
10442535-6346418 4652.0 80.0 2.66 0.1 -0.03 0.06 0.56 0.15 IC2602
10443290-6403509 4580.38 77.58 2.48 0.11 -0.05 0.07 0.08 0.17 IC2602
10450008-6346403 4677.0 83.0 2.69 0.1 0.04 0.06 0.54 0.16 IC2602
10424692-6353186 5015.0 30.0 2.77 0.05 0.12 0.05 -0.06 nan IC2602
10430377-6402194 4835.0 30.0 2.6 0.05 -0.08 0.05 -1.0 nan IC2602
10440727-6354568 4495.0 31.0 2.29 0.05 0.0 0.05 -0.39 0.14 IC2602
10441221-6403452 4758.0 31.0 2.74 0.05 -0.41 0.05 -0.44 nan IC2602
10445489-6354018 4746.0 15.0 2.15 0.08 -0.79 0.05 0.4 0.06 IC2602
10452008-6355271 4929.0 30.0 3.37 0.05 0.05 0.05 0.06 nan IC2602
10440306-6443397 4579.0 83.0 2.51 0.12 -0.07 0.07 0.09 0.19 IC2602
10441157-6441494 4646.0 82.0 2.41 0.19 -0.19 0.08 0.45 nan IC2602
10442108-6441410 4704.0 82.0 2.68 0.12 -0.05 0.06 0.87 nan IC2602
10442745-6451262 4870.0 83.0 2.79 0.1 0.01 0.04 -0.02 0.66 IC2602
10444258-6445289 4881.0 79.0 2.79 0.23 -0.1 0.05 0.58 0.24 IC2602
10445244-6449066 4599.0 83.0 2.41 0.17 -0.12 0.08 0.36 0.18 IC2602
10451355-6459366 4700.0 82.0 2.69 0.12 0.05 0.05 0.41 0.22 IC2602
10452881-6447079 4594.0 79.0 2.59 0.11 -0.03 0.05 0.65 nan IC2602
10454219-6457446 4634.0 80.0 2.73 0.12 0.0 0.06 -0.05 0.46 IC2602
10455198-6449060 4518.42 82.14 2.28 0.17 -0.16 0.08 -0.47 0.5 IC2602
10460113-6449358 4659.0 82.0 2.63 0.14 -0.04 0.05 0.52 0.16 IC2602
10460323-6454324 4869.0 82.0 2.78 0.13 0.03 0.06 0.43 0.34 IC2602
10464538-6456301 4575.0 81.0 2.36 0.19 -0.09 0.08 0.49 nan IC2602
10464861-6455374 4662.0 82.0 2.62 0.19 -0.04 0.07 0.85 0.16 IC2602
10435700-6447397 6172.0 60.0 3.72 0.1 -0.04 0.11 1.11 nan IC2602
10471317-6438250 4837.0 82.0 2.62 0.18 -0.08 0.04 0.91 nan IC2602
10471863-6442119 5034.0 80.0 2.97 0.13 -0.01 0.05 0.65 0.22 IC2602
10472089-6441345 4683.0 84.0 2.59 0.17 -0.05 0.05 0.9 0.14 IC2602
10473831-6446066 4673.0 81.0 2.61 0.15 -0.03 0.06 0.85 nan IC2602
10475408-6435483 4799.0 82.0 2.83 0.23 -0.14 0.05 0.85 nan IC2602
10480312-6432063 4572.65 78.52 2.58 0.09 0.08 0.05 0.37 0.14 IC2602
10481574-6428207 4642.0 81.0 2.58 0.12 -0.02 0.06 0.14 0.24 IC2602
10481778-6443341 4723.0 81.0 2.71 0.09 0.03 0.05 -0.39 0.52 IC2602
10482588-6444437 4668.0 83.0 2.68 0.09 0.01 0.05 0.09 0.19 IC2602
10484378-6428500 4312.47 79.23 2.12 0.17 -0.18 0.09 0.32 nan IC2602
10484598-6431535 4584.43 78.08 2.52 0.09 0.11 0.05 0.32 0.14 IC2602
10485383-6434483 4423.28 78.37 2.23 0.17 -0.19 0.08 0.34 nan IC2602
10485896-6444467 4564.0 83.0 2.57 0.09 0.02 0.05 -0.27 0.37 IC2602
10490216-6444524 4588.56 82.48 2.33 0.16 -0.14 0.08 0.82 0.12 IC2602
10490326-6431043 4935.0 81.0 3.12 0.12 -0.03 0.04 0.07 0.27 IC2602
10491470-6433036 4617.0 83.0 2.65 0.09 0.02 0.05 -1.0 nan IC2602
10492437-6448099 4181.48 67.48 1.91 0.21 0.14 0.02 0.24 0.14 IC2602
10492528-6437399 4965.0 82.0 2.96 0.15 0.05 0.05 0.8 0.17 IC2602
10492887-6434239 4745.0 82.0 2.68 0.1 -0.02 0.05 -0.19 0.61 IC2602
10494021-6446036 4580.0 81.0 2.43 0.17 -0.07 0.06 0.67 nan IC2602
10494127-6430308 4753.0 82.0 2.76 0.08 0.06 0.05 0.45 0.15 IC2602
10495160-6440168 4641.0 82.0 2.65 0.12 0.03 0.06 0.81 nan IC2602
10495417-6431056 4532.37 79.91 2.46 0.15 -0.01 0.09 0.72 nan IC2602
10495999-6434153 4760.0 84.0 2.74 0.11 0.02 0.05 0.82 nan IC2602
10500886-6436060 4598.0 81.0 2.48 0.16 -0.05 0.06 0.54 nan IC2602
10501219-6433377 4553.75 79.73 2.38 0.15 -0.05 0.08 0.12 0.2 IC2602
10474712-6434113 6142.0 33.0 4.17 0.05 0.11 0.05 2.61 0.03 IC2602
10431831-6457003 4429.54 73.91 2.2 0.14 -0.16 0.07 0.0 0.17 IC2602
10433640-6449556 4432.55 73.15 2.55 0.08 0.13 0.05 0.06 0.16 IC2602
10434156-6457119 4534.0 81.0 2.57 0.11 0.02 0.06 0.44 0.13 IC2602
10442631-6505260 4531.0 82.0 2.43 0.16 -0.09 0.07 0.45 0.15 IC2602
10454789-6452071 4572.0 82.0 2.56 0.08 0.05 0.05 -1.0 nan IC2602
10461002-6447094 4569.44 76.66 2.31 0.15 -0.17 0.07 0.51 nan IC2602
10433491-6452243 4592.0 31.0 2.61 0.05 0.08 0.05 -0.35 0.17 IC2602
10434029-6444223 4900.0 31.0 2.59 0.05 -0.3 0.05 -1.0 nan IC2602
10441461-6457559 4850.0 30.0 2.61 0.05 -0.03 0.05 0.1 0.14 IC2602
10444061-6456332 4870.0 30.0 2.68 0.05 -0.09 0.05 -0.24 nan IC2602
10453134-6451549 4892.0 31.0 2.68 0.05 -0.2 0.05 -0.68 nan IC2602
10454736-6457074 4649.0 31.0 2.51 0.05 0.02 0.05 -0.68 nan IC2602
10450352-6424086 4681.0 85.0 2.71 0.1 0.11 0.05 0.01 0.34 IC2602
10450372-6422118 4687.0 81.0 2.66 0.1 0.05 0.05 0.46 0.16 IC2602
10455861-6405009 4309.51 70.64 2.13 0.15 -0.08 0.08 0.3 nan IC2602
10461329-6421365 4723.0 83.0 2.6 0.12 -0.18 0.06 0.8 nan IC2602
10464548-6421467 4599.98 78.45 2.5 0.12 0.0 0.06 0.11 0.17 IC2602
10464806-6422560 4754.0 81.0 2.81 0.16 0.02 0.06 1.05 nan IC2602
10470865-6417021 4613.0 80.0 2.5 0.14 -0.06 0.06 1.77 0.12 IC2602
10473303-6422579 4136.02 120.94 4.4 0.38 0.29 0.14 0.03 nan IC2602
10475032-6416040 4599.9 78.61 2.55 0.09 0.08 0.06 0.33 0.14 IC2602
10455398-6419569 4642.0 31.0 2.59 0.05 0.03 0.17 0.01 0.14 IC2602
10463918-6411459 4904.0 31.0 2.62 0.05 -0.22 0.16 0.08 nan IC2602
10470309-6416241 4917.0 30.0 2.68 0.05 -0.15 0.17 -0.11 nan IC2602
10442223-6416597 4521.0 83.0 2.35 0.14 -0.14 0.07 -0.8 0.41 IC2602
10443978-6412191 4681.0 80.0 2.68 0.07 0.03 0.05 -1.0 nan IC2602
10454301-6411013 4692.0 82.0 2.54 0.16 -0.06 0.06 0.83 nan IC2602
10460621-6404471 4509.45 76.21 2.26 0.14 -0.21 0.07 -1.0 nan IC2602
10462634-6426239 4562.0 82.0 2.38 0.15 -0.18 0.08 -0.23 0.38 IC2602
10462689-6423328 4624.0 81.0 2.57 0.14 -0.1 0.07 0.79 0.13 IC2602
10463869-6405397 4499.0 82.0 2.39 0.14 -0.07 0.07 0.64 nan IC2602
10463939-6411559 4866.0 83.0 2.67 0.19 -0.08 0.04 0.9 nan IC2602
10464079-6410532 4541.0 82.0 2.59 0.1 0.05 0.05 0.14 0.14 IC2602
10470485-6424271 4925.0 84.0 2.85 0.15 -0.01 0.05 0.88 0.2 IC2602
10471610-6413139 4577.0 85.0 2.55 0.09 0.06 0.05 -0.33 0.48 IC2602
10471770-6413231 4699.0 80.0 2.68 0.09 0.04 0.05 0.49 0.15 IC2602
10474935-6418082 4546.43 79.19 2.53 0.1 0.16 0.05 0.64 0.13 IC2602
10442256-6415301 5812.0 31.0 4.47 0.05 -0.04 0.06 3.13 0.03 IC2602
10452826-6413450 6873.0 65.0 4.03 0.1 -0.27 0.11 3.42 0.04 IC2602
10451644-6329248 4565.0 82.0 2.55 0.09 -0.02 0.05 0.73 nan IC2602
10451855-6332265 3998.68 61.81 4.59 0.06 0.02 0.02 0.0 0.2 IC2602
10453120-6323103 4734.0 83.0 2.57 0.17 -0.06 0.04 0.91 nan IC2602
10454594-6318207 4743.0 80.0 2.82 0.17 -0.09 0.06 0.91 nan IC2602
10454711-6327183 4635.0 82.0 2.51 0.14 -0.03 0.06 -1.0 nan IC2602
10461822-6321323 4663.0 81.0 2.61 0.11 -0.03 0.07 0.68 nan IC2602
10462511-6332016 4564.0 84.0 2.46 0.14 -0.08 0.06 0.58 nan IC2602
10462699-6334383 4594.0 83.0 2.54 0.11 -0.05 0.07 -0.85 0.39 IC2602
10463279-6318249 4322.43 200.93 2.61 0.76 -0.09 0.2 0.56 nan IC2602
10463950-6327318 4706.0 82.0 2.69 0.09 0.0 0.05 -0.42 0.49 IC2602
10465283-6316095 4633.0 82.0 2.77 0.16 -0.04 0.07 0.37 0.27 IC2602
10470806-6334542 4561.85 76.9 2.32 0.13 -0.17 0.07 0.25 0.13 IC2602
10473020-6319239 4861.0 82.0 2.74 0.21 -0.06 0.04 0.95 nan IC2602
10475343-6334542 4217.24 67.62 1.95 0.21 0.16 0.05 0.34 0.13 IC2602
10475747-6334188 4589.0 83.0 2.5 0.14 -0.04 0.06 1.09 0.12 IC2602
10480223-6320515 4449.66 76.09 2.35 0.15 -0.1 0.08 -1.0 nan IC2602
10480598-6321172 4860.0 82.0 2.75 0.15 -0.05 0.06 0.25 0.8 IC2602
10480835-6320328 4707.0 79.0 2.71 0.25 -0.06 0.06 0.81 nan IC2602
10481106-6321113 5059.0 82.0 3.4 0.18 -0.06 0.06 0.68 0.43 IC2602
10481755-6320555 4653.0 81.0 2.78 0.12 0.02 0.05 1.0 0.14 IC2602
10482295-6327043 4704.0 82.0 2.7 0.17 -0.03 0.05 0.66 0.19 IC2602
10463154-6329392 4605.0 30.0 2.39 0.05 -0.06 0.17 -0.35 nan IC2602
10464337-6331244 4794.0 36.0 1.95 0.05 -0.1 0.17 -0.17 nan IC2602
10470613-6325568 4588.0 31.0 2.43 0.05 0.05 0.17 -1.0 nan IC2602
10474621-6332108 4951.0 31.0 2.78 0.05 0.11 0.17 0.83 0.06 IC2602
10453832-6328585 4578.76 77.92 2.58 0.09 0.05 0.06 0.23 0.15 IC2602
10454028-6329254 4907.0 80.0 2.77 0.1 -0.01 0.04 0.0 0.68 IC2602
10455504-6323031 4898.0 81.0 2.7 0.18 -0.06 0.04 0.98 nan IC2602
10455785-6325426 4917.0 83.0 2.74 0.09 -0.04 0.04 3.45 0.13 IC2602
10460612-6321591 4566.49 77.39 2.27 0.13 -0.1 0.07 0.67 nan IC2602
10461410-6336286 4557.0 84.0 2.42 0.16 -0.08 0.06 0.56 nan IC2602
10462396-6338446 4850.0 82.0 2.75 0.1 -0.07 0.05 0.05 0.61 IC2602
10462779-6319127 4562.0 84.0 2.61 0.12 0.08 0.06 0.73 nan IC2602
10465667-6335450 4293.5 69.8 2.01 0.21 0.17 0.05 0.03 0.12 IC2602
10465921-6330366 4584.0 82.0 2.46 0.13 -0.06 0.05 0.67 nan IC2602
10470267-6332541 4605.0 82.0 2.72 0.09 0.02 0.05 -0.35 0.47 IC2602
10470579-6330397 4655.0 82.0 2.59 0.12 -0.07 0.04 0.69 nan IC2602
10470798-6320085 4572.0 84.0 2.59 0.08 0.03 0.05 0.77 nan IC2602
10470862-6322437 4707.0 82.0 2.7 0.09 0.06 0.05 0.46 0.16 IC2602
10473135-6318527 4778.0 82.0 2.67 0.09 0.0 0.04 0.97 nan IC2602
10473643-6338538 4853.0 81.0 2.73 0.11 -0.02 0.05 0.03 0.69 IC2602
10475684-6319433 4658.0 81.0 2.66 0.1 0.02 0.05 0.49 0.15 IC2602
10481727-6326049 4560.0 81.0 2.41 0.13 -0.13 0.06 -0.25 0.19 IC2602
10483222-6326122 4633.0 81.0 2.65 0.08 0.04 0.05 -1.0 nan IC2602
10472547-6331564 5032.0 32.0 3.72 0.05 0.14 0.05 1.22 0.03 IC2602
10472819-6505373 4573.56 81.21 2.55 0.1 0.09 0.05 -0.39 0.51 IC2602
10472962-6500575 4517.0 84.0 2.39 0.15 -0.14 0.07 0.14 0.16 IC2602
10473724-6502279 4693.0 83.0 2.67 0.11 0.01 0.06 0.11 0.31 IC2602
10475043-6504499 4501.0 81.0 2.33 0.16 -0.18 0.08 -0.28 0.33 IC2602
