project/tables/ges_dr5_oc_li1_feh_teff_logg
# %ECSV 1.0
# ---
# datatype:
# -
#   name: OBJECT
#   datatype: string
#   description: GES object name from coordinates
#   meta:
#     ucd: meta.id;meta.main
# -
#   name: TEFF
#   datatype: float32
#   unit: K
#   description: Effective Temperature
#   meta:
#     ucd: phys.temperature.effective
# -
#   name: E_TEFF
#   datatype: float32
#   unit: K
#   description: Error on TEFF
#   meta:
#     ucd: stat.error;phys.temperature.effective;meta.main
# -
#   name: LOGG
#   datatype: float32
#   unit: log(cm/s**2)
#   description: Log Surface Gravity (gravity in cm/s**2)
#   meta:
#     ucd: phys.gravity
# -
#   name: E_LOGG
#   datatype: float32
#   unit: log(cm/s**2)
#   description: Error on LOGG
#   meta:
#     ucd: stat.error;phys.gravity;meta.main
# -
#   name: FEH
#   datatype: float32
#   unit: dex
#   description: Metallicity
#   meta:
#     ucd: phys.abund.Fe
# -
#   name: E_FEH
#   datatype: float32
#   unit: dex
#   description: Error on FEH
#   meta:
#     ucd: stat.error;phys.abund.Fe;meta.main
# -
#   name: LI1
#   datatype: float32
#   unit: dex
#   description: Neutral Lithium Abundance
#   meta:
#     ucd: phys.abund
# -
#   name: E_LI1
#   datatype: float32
#   unit: dex
#   description: Error on LI1
#   meta:
#     ucd: stat.error;phys.abund
# -
#   name: GES_FLD
#   datatype: string
#   description: GES field name from CASU
#   meta:
#     ucd: meta.id
# meta:
#   name: result_S1659803454470
#   QUERY_STATUS: OK
#   PROVIDER: ESO
#   QUERY: 'SELECT object, teff, e_teff, logg, e_logg, FEH, E_FEH, Li1, E_Li1, ges_fld FROM GES_DR5  where ges_fld in (  SELECT distinct ges_fld  FROM GES_DR5   where ges_type   like ''GE_CL%'' or ges_type like ''GE_SD_OC%'' or ges_type like ''AR_CL%'' or ges_type like ''AR_SD_OC'' ) AND LI1 IS NOT NULL AND FEH is not null AND GES_FLD IS NOT NULL AND TEFF IS NOT NULL AND LOGG IS NOT NULL AND NN_TEFF IS NOT NULL AND NN_LOGG IS NOT NULL AND NN_FEH IS NOT NULL order by ges_fld'
OBJECT TEFF E_TEFF LOGG E_LOGG FEH E_FEH LI1 E_LI1 GES_FLD
[from data line 3461]
07464204-0441060 4640.0 30.0 2.72 0.05 -0.12 0.05 0.38 0.06 Br39
07465652-0443512 4844.0 31.0 2.69 0.05 -0.15 0.05 -0.42 nan Br39
07470378-0439141 4700.0 31.0 2.52 0.05 -0.14 0.05 1.17 0.06 Br39
19165857+1931376 5725.0 65.0 4.19 0.18 -0.59 0.06 2.37 0.08 Br44
19165746+1932089 6254.0 66.0 4.25 0.17 -0.1 0.05 2.92 0.08 Br44
19165749+1934018 5816.0 65.0 4.13 0.18 -0.61 0.05 2.09 0.11 Br44
19165874+1934193 4776.0 63.0 2.46 0.18 0.03 0.05 0.66 0.1 Br44
19165900+1934512 5228.0 64.0 3.24 0.18 -0.43 0.05 1.19 nan Br44
19165979+1929245 5652.0 64.0 4.23 0.17 0.39 0.05 2.09 0.1 Br44
19170026+1935222 6071.0 65.0 3.91 0.17 -0.34 0.06 2.63 0.08 Br44
19170200+1933193 6596.0 65.0 4.06 0.17 0.14 0.05 2.35 nan Br44
19170202+1936036 5977.0 67.0 4.21 0.18 -0.04 0.06 2.51 0.1 Br44
19170216+1930159 6639.0 77.0 4.35 0.18 0.02 0.1 3.27 0.06 Br44
19170220+1929022 5662.0 65.0 4.51 0.18 -0.23 0.05 1.53 0.39 Br44
19170284+1928353 5850.0 65.0 4.47 0.18 -0.01 0.05 2.26 0.12 Br44
19170344+1931232 6326.0 65.0 4.33 0.18 0.15 0.05 2.49 0.24 Br44
19170500+1929506 6871.0 67.0 4.34 0.17 0.27 0.05 2.38 nan Br44
19170520+1931147 6350.0 64.0 4.32 0.17 0.29 0.06 2.04 nan Br44
19170549+1934008 5470.0 75.0 4.39 0.18 -0.32 0.09 1.44 0.25 Br44
19170614+1932172 6531.0 65.0 4.24 0.17 0.06 0.05 2.5 0.17 Br44
19170626+1934590 6055.0 63.0 4.38 0.18 0.07 0.05 2.97 0.08 Br44
19170631+1928158 5316.0 66.0 4.11 0.17 0.19 0.06 1.6 nan Br44
19170634+1933322 6469.0 65.0 4.19 0.18 0.03 0.05 1.96 nan Br44
19170646+1933119 6161.0 65.0 4.23 0.17 0.31 0.05 1.98 0.45 Br44
19170666+1932396 6761.0 79.0 4.19 0.18 -0.03 0.09 3.37 0.07 Br44
19170685+1929101 6013.0 65.0 4.16 0.17 0.22 0.06 2.37 0.19 Br44
19170738+1936570 6242.0 66.0 4.43 0.18 0.11 0.05 1.91 nan Br44
19170833+1934095 6268.0 64.0 4.37 0.18 0.15 0.05 2.82 0.1 Br44
19170871+1931060 6295.0 63.0 4.34 0.17 0.23 0.05 2.43 0.14 Br44
19170890+1932231 6288.0 66.0 4.53 0.18 0.11 0.06 2.07 nan Br44
19170897+1936018 5912.0 65.0 4.24 0.17 -0.35 0.06 2.23 0.08 Br44
19170961+1929259 6679.0 67.0 4.13 0.17 0.05 0.05 3.28 0.07 Br44
19170972+1931594 6504.0 64.0 4.15 0.17 0.15 0.06 2.29 0.33 Br44
19171000+1933207 6550.0 68.0 4.5 0.18 0.12 0.06 2.62 nan Br44
19171024+1935454 5474.0 64.0 4.62 0.18 -0.23 0.06 1.38 nan Br44
19171039+1935200 5537.0 65.0 3.92 0.17 -0.52 0.05 2.1 0.12 Br44
19171111+1933569 6064.0 64.0 4.25 0.17 -0.03 0.05 2.64 0.06 Br44
19171160+1932583 4897.0 65.0 2.7 0.17 0.22 0.06 0.53 0.14 Br44
19171258+1931562 6449.0 66.0 4.26 0.18 0.17 0.05 3.18 0.07 Br44
19171260+1936298 6585.0 78.0 4.37 0.18 0.02 0.09 3.1 0.08 Br44
19171314+1937108 5921.0 64.0 4.49 0.17 -0.05 0.05 2.36 0.08 Br44
19171317+1932246 6707.0 66.0 4.27 0.17 0.05 0.05 3.0 0.08 Br44
19171326+1934055 6725.0 67.0 4.14 0.17 0.06 0.05 3.22 0.06 Br44
19171359+1935050 6056.0 66.0 4.19 0.18 -0.24 0.05 2.52 0.1 Br44
19171454+1937098 6638.0 65.0 4.22 0.18 0.12 0.05 3.29 0.1 Br44
19171497+1931283 5061.0 63.0 3.76 0.17 -0.51 0.05 1.19 nan Br44
19171523+1933146 6526.0 67.0 4.24 0.18 0.04 0.05 2.81 0.1 Br44
19171538+1930591 6627.0 66.0 4.39 0.17 0.05 0.05 2.25 nan Br44
19171555+1928451 5522.0 64.0 4.53 0.18 0.11 0.05 1.58 nan Br44
19171588+1932063 4725.0 77.0 2.52 0.18 0.1 0.1 -0.31 0.49 Br44
19171714+1931191 6796.0 66.0 4.23 0.17 -0.04 0.05 2.16 nan Br44
19171827+1929005 5986.0 66.0 4.46 0.17 -0.06 0.05 2.43 0.14 Br44
19171832+1932559 6182.0 65.0 4.39 0.18 0.12 0.06 2.69 0.13 Br44
19171876+1934571 5793.0 65.0 4.57 0.17 0.3 0.05 1.68 0.19 Br44
19172074+1935097 5987.0 83.0 3.89 0.21 -0.08 0.08 2.21 nan Br44
19172103+1931174 6109.0 64.0 4.55 0.17 0.16 0.05 2.95 0.08 Br44
19172129+1933138 5882.0 63.0 4.24 0.18 0.36 0.05 2.13 0.17 Br44
19172169+1930311 5860.0 65.0 4.45 0.18 0.25 0.05 2.61 0.08 Br44
19172180+1937021 5645.0 64.0 4.16 0.17 0.01 0.05 2.26 0.07 Br44
19172189+1931363 5513.0 65.0 4.24 0.18 0.26 0.06 1.63 nan Br44
19172408+1935141 5849.0 64.0 3.94 0.17 0.07 0.06 2.69 0.1 Br44
19172438+1935468 5970.0 66.0 4.54 0.17 0.17 0.05 2.06 0.2 Br44
19172439+1930201 6267.0 66.0 4.21 0.17 0.12 0.06 2.24 0.28 Br44
19172557+1931290 5324.0 65.0 4.7 0.17 0.22 0.06 1.32 nan Br44
19172671+1933482 5759.0 67.0 4.34 0.17 0.07 0.05 2.56 0.08 Br44
19172720+1930185 6285.0 109.0 4.1 0.24 0.08 0.09 2.65 0.17 Br44
19172723+1932188 6574.0 65.0 4.4 0.17 0.02 0.05 3.19 0.08 Br44
19172865+1933377 5474.0 64.0 3.89 0.18 -0.39 0.05 1.34 nan Br44
19173018+1931575 6235.0 63.0 4.47 0.18 -0.06 0.05 2.25 nan Br44
19173062+1929190 5088.0 62.0 2.9 0.17 0.25 0.06 1.23 0.08 Br44
19173109+1934371 5171.0 64.0 4.79 0.17 -0.08 0.06 1.34 0.18 Br44
19173159+1934134 6634.0 66.0 3.98 0.17 0.11 0.05 3.2 0.08 Br44
19173275+1930057 5104.0 64.0 4.3 0.17 -0.33 0.05 1.14 0.26 Br44
19173328+1933570 6542.0 66.0 4.32 0.18 -0.13 0.06 3.26 0.06 Br44
19173346+1931449 5980.0 64.0 4.51 0.17 0.12 0.06 2.38 0.11 Br44
19173457+1933295 5866.0 65.0 4.38 0.18 -0.11 0.05 2.59 0.12 Br44
19170732+1930555 4801.0 35.0 2.81 0.05 0.19 0.05 0.87 0.06 Br44
19170911+1933256 4760.0 35.0 2.72 0.06 0.22 0.05 1.07 0.06 Br44
19171032+1932507 4732.0 33.0 2.64 0.06 0.12 0.06 1.08 0.06 Br44
19172126+1933307 4735.0 33.0 2.83 0.05 0.2 0.04 0.42 0.12 Br44
19172208+1933254 4742.0 32.0 2.7 0.06 0.41 0.04 1.02 0.06 Br44
19172255+1932012 4815.0 33.0 2.77 0.06 0.12 0.06 1.04 0.04 Br44
06215540-0619054 5697.0 107.0 3.48 0.33 -0.15 0.09 2.3 0.24 Br73
06215682-0619198 6291.0 84.0 3.97 0.22 0.27 0.07 3.26 0.14 Br73
06215832-0617104 6208.0 81.0 3.58 0.22 -0.46 0.08 2.68 nan Br73
06215924-0620078 6895.0 70.0 4.47 0.21 -0.24 0.06 2.85 0.17 Br73
06220275-0619387 6787.0 72.0 4.34 0.2 -0.18 0.05 3.08 0.13 Br73
06220302-0620421 6408.0 82.0 4.49 0.22 -0.77 0.08 2.42 nan Br73
06220352-0617492 6766.0 68.0 4.19 0.17 -0.28 0.06 2.73 0.14 Br73
06220373-0619023 6721.0 70.0 4.16 0.21 -0.35 0.06 3.24 0.1 Br73
06220394-0618416 6516.0 81.0 4.68 0.22 -0.37 0.07 3.15 0.14 Br73
06220561-0618569 6527.0 69.0 4.01 0.21 -0.5 0.06 2.81 nan Br73
06220760-0617464 5954.0 66.0 3.88 0.18 -0.19 0.06 2.41 0.18 Br73
06220784-0618580 6635.0 65.0 4.14 0.18 -0.18 0.05 2.16 nan Br73
06220869-0619336 6523.0 63.0 4.13 0.18 -0.11 0.05 2.31 nan Br73
06221024-0618515 6821.0 67.0 3.81 0.17 -0.02 0.05 3.24 0.16 Br73
06215565-0619543 6080.0 64.0 3.87 0.17 -0.19 0.06 2.77 0.09 Br73
06215576-0619206 6226.0 80.0 4.4 0.22 -0.5 0.08 2.08 nan Br73
06215711-0618426 6446.0 108.0 4.35 0.33 -0.45 0.1 2.25 nan Br73
06215727-0617152 5995.0 65.0 4.43 0.17 0.15 0.05 2.32 0.07 Br73
06215847-0619351 6537.0 64.0 4.4 0.17 -0.44 0.06 2.98 0.13 Br73
06220092-0617543 6224.0 106.0 4.31 0.33 0.17 0.09 2.92 0.22 Br73
06220262-0620200 6480.0 83.0 3.86 0.22 -0.64 0.08 2.33 nan Br73
06220284-0619480 6854.0 66.0 4.35 0.18 -0.48 0.05 3.19 0.13 Br73
06220292-0617545 6944.0 66.0 3.88 0.17 -0.02 0.05 2.72 nan Br73
06220380-0618487 6974.0 108.0 4.6 0.34 -0.44 0.09 3.22 0.13 Br73
06220405-0617452 6029.0 81.0 3.13 0.22 -0.87 0.08 2.6 0.17 Br73
06220407-0617227 6319.0 66.0 4.19 0.18 -0.1 0.05 2.67 0.07 Br73
06220753-0619058 6281.0 64.0 4.34 0.17 -0.46 0.05 3.08 0.14 Br73
06220792-0618379 5987.0 66.0 3.92 0.17 -0.49 0.06 3.04 0.06 Br73
06220953-0619197 5962.0 83.0 3.64 0.21 -0.3 0.08 1.95 nan Br73
06220963-0619535 6942.0 109.0 4.26 0.34 -0.35 0.09 2.98 nan Br73
06215657-0620357 6263.0 81.0 4.07 0.22 -0.73 0.08 2.68 0.14 Br73
06215785-0617160 6263.0 105.0 4.17 0.34 -0.14 0.09 3.03 0.14 Br73
06215808-0620238 6306.0 64.0 4.07 0.17 -0.2 0.06 2.21 0.14 Br73
06220078-0619351 6981.0 86.0 4.33 0.22 -0.34 0.08 3.31 0.14 Br73
06220190-0617091 6496.0 105.0 4.25 0.34 0.36 0.08 2.45 nan Br73
06220291-0618284 6993.0 83.0 4.38 0.22 -0.64 0.08 2.35 nan Br73
06220372-0617500 6398.0 65.0 4.22 0.17 -0.79 0.05 2.85 0.05 Br73
06220561-0619010 5014.0 65.0 2.85 0.17 -0.29 0.05 1.2 0.09 Br73
06220617-0618234 6705.0 66.0 4.06 0.17 -0.2 0.05 2.71 0.11 Br73
06220690-0617244 6997.0 71.0 4.43 0.21 0.02 0.05 3.0 0.2 Br73
06220891-0620097 6365.0 65.0 4.4 0.17 -0.3 0.05 2.68 0.23 Br73
06220976-0619560 6209.0 103.0 4.96 0.3 -0.83 0.1 3.01 0.2 Br73
06215766-0616555 4528.0 32.0 2.26 0.05 -0.47 0.05 -0.61 nan Br73
06220115-0619167 5090.0 31.0 2.61 0.05 -0.24 0.05 -0.18 nan Br73
06220200-0619214 4956.0 31.0 2.86 0.05 -0.22 0.05 1.24 0.05 Br73
06220503-0618494 4457.0 30.0 2.01 0.05 -0.31 0.05 -0.05 0.09 Br73
06221045-0619294 4825.0 30.0 2.69 0.05 -0.26 0.05 0.1 0.17 Br73
06221093-0618006 5754.0 34.0 4.05 0.05 -0.34 0.04 2.24 0.05 Br73
06485003-2400312 5759.0 66.0 3.85 0.17 -0.48 0.05 1.76 nan Br75
06485010-2401597 5642.0 65.0 4.31 0.18 -0.31 0.06 1.34 nan Br75
06485198-2402166 6207.0 82.0 4.09 0.22 -0.6 0.07 2.62 0.18 Br75
06485280-2358099 5704.0 64.0 3.99 0.17 -0.39 0.05 2.5 0.14 Br75
06485283-2400289 6541.0 97.0 4.52 0.25 -0.76 0.15 3.07 0.2 Br75
06485348-2359082 6057.0 83.0 4.96 0.22 -0.5 0.08 2.64 0.19 Br75
06485387-2358246 6134.0 82.0 4.56 0.22 -0.72 0.08 2.25 nan Br75
06485396-2401420 6006.0 65.0 4.24 0.17 -0.11 0.05 2.35 0.12 Br75
06485434-2359015 6266.0 82.0 2.89 0.21 -0.85 0.08 2.25 nan Br75
06485478-2401202 6652.0 83.0 4.14 0.21 -0.44 0.08 2.36 nan Br75
06485504-2359272 4405.0 65.0 1.9 0.18 -0.48 0.06 -0.16 0.13 Br75
06485574-2401021 4962.0 66.0 4.75 0.18 0.04 0.05 0.47 nan Br75
06485597-2357575 6411.0 82.0 4.46 0.22 -0.38 0.08 2.71 0.16 Br75
06485831-2357498 6474.0 83.0 3.47 0.22 -0.9 0.08 2.71 0.23 Br75
06485879-2400123 6565.0 82.0 4.87 0.22 0.04 0.08 3.48 0.14 Br75
06485916-2400248 6130.0 65.0 3.44 0.17 -0.76 0.06 2.46 0.18 Br75
06485934-2401503 5379.0 64.0 4.18 0.17 -0.45 0.06 1.58 nan Br75
06490061-2358116 6359.0 80.0 4.14 0.22 -0.5 0.08 2.81 0.15 Br75
06490108-2359427 6384.0 83.0 4.63 0.22 -0.15 0.08 2.86 0.17 Br75
06490172-2400091 6058.0 82.0 3.68 0.22 -0.54 0.07 2.84 0.13 Br75
06490180-2358025 6136.0 64.0 4.2 0.17 -0.38 0.06 2.61 0.08 Br75
06490205-2400498 6620.0 84.0 3.87 0.22 0.03 0.08 3.33 0.15 Br75
06490231-2402106 6234.0 82.0 3.94 0.23 -0.67 0.07 2.37 nan Br75
06490243-2359512 6122.0 83.0 4.56 0.22 -0.52 0.08 2.58 0.21 Br75
06490252-2401176 6341.0 81.0 4.11 0.22 -0.72 0.08 2.97 0.16 Br75
06490278-2400186 6648.0 83.0 3.79 0.22 -0.19 0.08 3.16 0.25 Br75
06490287-2358177 5998.0 64.0 4.08 0.17 -0.43 0.06 2.55 0.09 Br75
06490367-2359162 6049.0 66.0 4.36 0.18 0.0 0.06 2.77 0.08 Br75
06490492-2358095 6112.0 66.0 4.09 0.18 -0.62 0.05 2.25 0.17 Br75
06490504-2400254 6121.0 65.0 3.94 0.18 -0.71 0.05 2.29 0.26 Br75
06490541-2400379 6275.0 81.0 4.37 0.22 -0.4 0.08 2.68 0.17 Br75
06490563-2358154 5543.0 66.0 4.71 0.18 -0.29 0.05 1.49 0.26 Br75
06485207-2358389 6171.0 82.0 4.32 0.21 -0.59 0.08 2.64 0.21 Br75
06485269-2359288 6265.0 81.0 4.04 0.22 -0.73 0.08 2.92 0.17 Br75
06485518-2401595 6012.0 65.0 4.12 0.18 -0.46 0.05 2.12 0.15 Br75
06485542-2401357 6013.0 65.0 4.16 0.18 -0.55 0.05 2.55 0.09 Br75
06485647-2401059 6360.0 64.0 4.09 0.17 -0.6 0.05 2.61 0.15 Br75
06485849-2359148 6381.0 66.0 4.06 0.17 -0.63 0.06 2.49 0.17 Br75
06485964-2400269 6267.0 65.0 4.18 0.18 -0.68 0.06 2.2 0.28 Br75
06485991-2358436 5926.0 81.0 4.39 0.22 -0.64 0.08 2.64 0.14 Br75
06490039-2359468 6205.0 64.0 4.27 0.18 -0.64 0.06 2.69 0.12 Br75
06490107-2400350 6347.0 82.0 3.96 0.21 -0.6 0.08 3.1 0.15 Br75
06490115-2359440 5916.0 80.0 3.28 0.22 -0.92 0.08 1.91 nan Br75
06490125-2359231 5712.0 65.0 3.8 0.18 -0.56 0.05 1.7 nan Br75
06490158-2358348 4986.0 65.0 3.21 0.18 -0.46 0.05 0.67 0.15 Br75
06490315-2358130 5245.0 66.0 3.93 0.17 -0.48 0.05 1.21 nan Br75
06490380-2358410 5926.0 64.0 3.79 0.17 -0.69 0.06 2.05 0.15 Br75
06490433-2359001 6257.0 67.0 4.42 0.17 -0.53 0.05 2.42 nan Br75
06490495-2359591 6229.0 66.0 4.17 0.18 -0.49 0.05 2.6 0.13 Br75
06490553-2400456 6630.0 82.0 4.06 0.22 -0.74 0.08 2.54 nan Br75
06490651-2400049 5798.0 65.0 3.68 0.17 -0.37 0.06 2.68 0.15 Br75
06485365-2359414 6180.0 83.0 3.0 0.23 -0.81 0.08 2.23 nan Br75
06485613-2401400 6241.0 82.0 3.06 0.21 -0.9 0.08 2.23 nan Br75
06485652-2359317 6502.0 71.0 4.04 0.21 -0.49 0.05 2.56 0.19 Br75
06485659-2401076 6328.0 65.0 3.88 0.17 -0.69 0.06 2.06 nan Br75
06485684-2401573 6585.0 66.0 4.12 0.18 -0.26 0.05 2.68 nan Br75
06485706-2402166 6229.0 65.0 3.98 0.17 -0.57 0.06 2.72 0.12 Br75
06485713-2359500 6338.0 64.0 4.4 0.18 -0.81 0.06 2.61 0.16 Br75
06485815-2400545 4990.0 67.0 2.92 0.18 -0.41 0.06 0.76 nan Br75
06485947-2359555 5760.0 66.0 3.79 0.17 -0.6 0.05 1.3 nan Br75
06485987-2359333 6142.0 65.0 4.34 0.17 -0.57 0.06 2.47 0.18 Br75
06490007-2358582 5912.0 64.0 4.37 0.17 -0.5 0.05 1.84 nan Br75
06490040-2400214 6319.0 67.0 4.04 0.17 -0.61 0.06 2.41 0.16 Br75
06490135-2358416 6046.0 83.0 4.91 0.22 -0.74 0.08 2.67 0.16 Br75
06490149-2400099 6104.0 65.0 3.78 0.17 -0.86 0.06 2.29 0.17 Br75
06490295-2358332 6238.0 81.0 4.48 0.22 -0.64 0.08 2.49 nan Br75
06490431-2358529 4568.0 64.0 4.7 0.17 0.04 0.05 0.25 0.13 Br75
06490710-2359450 4993.0 64.0 2.87 0.17 -0.29 0.05 2.19 0.08 Br75
06485587-2400071 4897.0 56.0 2.93 0.1 -0.34 0.05 0.59 nan Br75
06485799-2400000 5022.0 49.0 2.94 0.08 -0.38 0.05 0.43 0.14 Br75
06485812-2400323 5146.0 49.0 3.19 0.07 -0.38 0.05 1.26 0.08 Br75
06490297-2359294 4920.0 30.0 2.48 0.05 -0.39 0.05 0.37 nan Br75
06490682-2358416 5232.0 33.0 3.66 0.05 -0.28 0.04 1.36 0.1 Br75
06490693-2401164 5174.0 49.0 3.32 0.07 -0.27 0.04 1.36 0.09 Br75
19014498-0027496 4647.0 33.0 2.62 0.05 0.09 0.05 1.4 0.05 Br81
19012201-0028029 6089.0 63.0 4.48 0.17 0.24 0.05 2.69 0.11 Br81
19012248-0028482 5995.0 69.0 4.48 0.21 0.03 0.05 2.55 0.1 Br81
19012337-0028180 5923.0 66.0 4.83 0.18 0.14 0.06 3.07 0.11 Br81
19012389-0026282 5361.0 67.0 4.25 0.17 -0.37 0.05 1.04 nan Br81
19012910-0027350 6012.0 64.0 4.65 0.18 0.28 0.05 2.47 0.09 Br81
19012992-0029545 6119.0 67.0 4.37 0.21 0.25 0.06 2.82 0.1 Br81
19013052-0023354 5964.0 66.0 4.58 0.17 0.15 0.05 2.89 0.09 Br81
19013115-0022486 6565.0 65.0 4.15 0.17 -0.02 0.05 3.31 0.06 Br81
19013148-0030049 6015.0 67.0 4.35 0.17 0.2 0.05 2.58 0.08 Br81
19013178-0026470 6251.0 81.0 4.49 0.22 -0.12 0.08 3.01 0.14 Br81
19013240-0023593 6836.0 72.0 3.8 0.21 0.06 0.06 3.39 0.11 Br81
19013287-0031312 6232.0 67.0 4.4 0.18 0.22 0.05 2.63 0.14 Br81
19013299-0024437 6938.0 81.0 3.88 0.22 0.34 0.07 2.85 0.23 Br81
19013567-0026318 6134.0 66.0 4.6 0.18 0.04 0.05 2.77 0.12 Br81
19013586-0032086 5899.0 66.0 4.45 0.18 -0.13 0.06 1.64 nan Br81
19013609-0029295 5705.0 66.0 4.13 0.18 0.28 0.06 1.67 nan Br81
19013616-0030052 5683.0 63.0 4.18 0.17 -0.23 0.06 1.45 0.23 Br81
19013682-0025086 6108.0 63.0 4.51 0.17 0.12 0.05 2.45 0.1 Br81
19013691-0031582 6032.0 64.0 4.56 0.18 -0.03 0.05 2.84 0.07 Br81
19013727-0032112 5743.0 68.0 4.65 0.21 0.43 0.04 2.36 0.13 Br81
19013779-0026552 5328.0 63.0 3.76 0.18 -0.49 0.05 1.33 0.31 Br81
19013850-0027550 6481.0 66.0 4.33 0.17 0.04 0.05 1.99 nan Br81
19013856-0030379 5907.0 64.0 4.31 0.17 0.33 0.05 2.07 0.18 Br81
19013886-0026309 6453.0 96.0 4.67 0.26 0.13 0.15 2.5 0.25 Br81
19013968-0027220 5331.0 71.0 4.66 0.21 0.24 0.05 1.55 0.23 Br81
19014134-0029247 6284.0 66.0 4.25 0.17 0.29 0.06 2.24 0.19 Br81
19014135-0030068 5913.0 65.0 4.73 0.17 0.2 0.05 2.6 0.08 Br81
19014167-0025379 5650.0 65.0 4.25 0.17 0.01 0.05 1.62 nan Br81
19014198-0027485 5617.0 66.0 4.33 0.18 0.39 0.05 1.97 0.15 Br81
19014235-0028130 6106.0 65.0 4.43 0.17 0.19 0.06 2.26 0.17 Br81
19014328-0029491 5886.0 69.0 4.44 0.21 0.22 0.05 2.24 nan Br81
19014347-0027595 5991.0 66.0 4.52 0.17 -0.06 0.06 2.82 0.08 Br81
19014399-0031316 6215.0 67.0 4.38 0.17 0.08 0.05 2.72 0.09 Br81
19014404-0022572 6612.0 70.0 4.25 0.21 0.19 0.05 2.34 0.33 Br81
19014417-0025115 6705.0 78.0 4.57 0.18 0.06 0.09 3.05 0.13 Br81
19014448-0027471 6098.0 65.0 4.41 0.17 0.41 0.05 2.14 0.16 Br81
19014588-0027103 6280.0 65.0 4.33 0.18 -0.15 0.05 2.6 0.13 Br81
19014637-0024287 6230.0 64.0 4.37 0.17 0.19 0.05 2.71 0.14 Br81
19014648-0027210 6981.0 74.0 4.03 0.21 -0.02 0.05 3.09 0.12 Br81
19014687-0031305 6205.0 65.0 4.49 0.17 0.4 0.05 3.05 0.08 Br81
19014777-0028311 6123.0 65.0 4.68 0.17 0.31 0.05 2.64 0.12 Br81
19014900-0024203 6661.0 65.0 4.63 0.17 0.12 0.05 2.86 0.22 Br81
19014904-0024413 5815.0 64.0 4.11 0.17 -0.56 0.05 2.13 0.09 Br81
19014943-0027212 6038.0 65.0 4.1 0.18 -0.16 0.06 2.28 nan Br81
