project/tables/ges_dr5_oc_li1_feh_teff_logg
# %ECSV 1.0
# ---
# datatype:
# -
#   name: OBJECT
#   datatype: string
#   description: GES object name from coordinates
#   meta:
#     ucd: meta.id;meta.main
# -
#   name: TEFF
#   datatype: float32
#   unit: K
#   description: Effective Temperature
#   meta:
#     ucd: phys.temperature.effective
# -
#   name: E_TEFF
#   datatype: float32
#   unit: K
#   description: Error on TEFF
#   meta:
#     ucd: stat.error;phys.temperature.effective;meta.main
# -
#   name: LOGG
#   datatype: float32
#   unit: log(cm/s**2)
#   description: Log Surface Gravity (gravity in cm/s**2)
#   meta:
#     ucd: phys.gravity
# -
#   name: E_LOGG
#   datatype: float32
#   unit: log(cm/s**2)
#   description: Error on LOGG
#   meta:
#     ucd: stat.error;phys.gravity;meta.main
# -
#   name: FEH
#   datatype: float32
#   unit: dex
#   description: Metallicity
#   meta:
#     ucd: phys.abund.Fe
# -
#   name: E_FEH
#   datatype: float32
#   unit: dex
#   description: Error on FEH
#   meta:
#     ucd: stat.error;phys.abund.Fe;meta.main
# -
#   name: LI1
#   datatype: float32
#   unit: dex
#   description: Neutral Lithium Abundance
#   meta:
#     ucd: phys.abund
# -
#   name: E_LI1
#   datatype: float32
#   unit: dex
#   description: Error on LI1
#   meta:
#     ucd: stat.error;phys.abund
# -
#   name: GES_FLD
#   datatype: string
#   description: GES field name from CASU
#   meta:
#     ucd: meta.id
# meta:
#   name: result_S1659803454470
#   QUERY_STATUS: OK
#   PROVIDER: ESO
#   QUERY: 'SELECT object, teff, e_teff, logg, e_logg, FEH, E_FEH, Li1, E_Li1, ges_fld FROM GES_DR5  where ges_fld in (  SELECT distinct ges_fld  FROM GES_DR5   where ges_type   like ''GE_CL%'' or ges_type like ''GE_SD_OC%'' or ges_type like ''AR_CL%'' or ges_type like ''AR_SD_OC'' ) AND LI1 IS NOT NULL AND FEH is not null AND GES_FLD IS NOT NULL AND TEFF IS NOT NULL AND LOGG IS NOT NULL AND NN_TEFF IS NOT NULL AND NN_LOGG IS NOT NULL AND NN_FEH IS NOT NULL order by ges_fld'
OBJECT TEFF E_TEFF LOGG E_LOGG FEH E_FEH LI1 E_LI1 GES_FLD
[from data line 12330]
11081554-5842598 4932.0 65.0 2.41 0.15 -0.57 0.07 1.03 0.17 NGC3532
11083026-5846500 4705.0 66.0 2.28 0.15 -0.27 0.07 0.54 0.42 NGC3532
11083275-5853392 4731.0 63.0 3.27 0.14 0.22 0.07 0.66 nan NGC3532
11084038-5850429 5607.0 65.0 4.6 0.14 -0.12 0.07 2.43 0.06 NGC3532
11072859-5847592 5867.0 35.0 4.31 0.05 0.28 0.05 0.69 nan NGC3532
11073982-5842055 6211.0 38.0 4.41 0.05 0.05 0.05 3.08 0.03 NGC3532
11083921-5845051 6024.0 37.0 4.43 0.05 -0.02 0.06 2.93 0.03 NGC3532
11091266-5837236 5957.0 36.0 3.97 0.05 -0.25 0.05 2.18 0.04 NGC3532
11083648-5849311 5200.0 65.0 3.92 0.17 0.15 0.05 1.14 nan NGC3532
11035262-5847131 6514.0 64.0 4.3 0.17 0.02 0.05 2.9 0.07 NGC3532
11041355-5841223 4674.0 63.0 4.56 0.17 -0.04 0.06 0.81 0.19 NGC3532
11042731-5853118 4933.0 64.0 4.9 0.17 0.04 0.05 0.71 0.33 NGC3532
11042970-5841233 5172.0 66.0 4.62 0.18 0.14 0.05 1.16 0.2 NGC3532
11043521-5839310 6743.0 79.0 4.17 0.18 0.07 0.1 2.6 0.08 NGC3532
11043641-5836001 6351.0 66.0 4.16 0.18 0.16 0.05 1.69 0.84 NGC3532
11043749-5839038 6112.0 65.0 4.32 0.17 0.0 0.05 2.91 0.06 NGC3532
11043796-5838290 4915.0 65.0 4.59 0.17 0.03 0.05 1.52 0.12 NGC3532
11043954-5849393 6465.0 66.0 4.14 0.17 0.02 0.05 2.58 0.07 NGC3532
11044121-5856473 6115.0 65.0 4.24 0.18 0.06 0.05 3.11 0.06 NGC3532
11044221-5857037 5543.0 66.0 4.03 0.17 0.2 0.05 2.34 0.1 NGC3532
11044255-5845574 5264.0 63.0 4.51 0.18 0.08 0.05 2.31 0.07 NGC3532
11044279-5846403 6751.0 66.0 4.22 0.18 -0.06 0.06 2.01 0.15 NGC3532
11044466-5849413 6546.0 67.0 4.25 0.17 0.05 0.05 3.07 0.05 NGC3532
11044632-5838539 5131.0 63.0 4.04 0.17 0.03 0.05 0.45 0.6 NGC3532
11044869-5840147 6053.0 65.0 4.35 0.17 0.03 0.05 2.92 0.06 NGC3532
11044961-5838428 5829.0 65.0 4.69 0.18 -0.06 0.06 2.73 0.06 NGC3532
11044967-5841472 6224.0 66.0 4.3 0.18 0.05 0.05 2.96 0.06 NGC3532
11045505-5847128 5835.0 63.0 4.52 0.18 0.08 0.05 2.77 0.06 NGC3532
11045607-5846451 4760.0 64.0 4.48 0.18 -0.08 0.05 0.84 0.11 NGC3532
11045716-5856285 6714.0 64.0 4.21 0.17 -0.03 0.05 2.01 nan NGC3532
11050079-5856528 6936.0 67.0 4.22 0.17 -0.05 0.05 3.08 0.06 NGC3532
11050638-5842095 5765.0 63.0 4.19 0.17 -0.13 0.05 2.68 0.06 NGC3532
11051186-5846302 5649.0 64.0 4.53 0.18 0.21 0.05 2.19 0.07 NGC3532
11051304-5856084 5561.0 65.0 3.79 0.17 0.21 0.06 1.37 0.25 NGC3532
11051477-5836545 5893.0 62.0 4.44 0.17 0.03 0.05 2.81 0.06 NGC3532
11051641-5840316 5826.0 66.0 4.47 0.18 0.03 0.05 2.77 0.06 NGC3532
11051971-5840208 6139.0 63.0 4.29 0.18 0.03 0.05 3.11 0.05 NGC3532
11052238-5844358 6657.0 64.0 4.28 0.17 0.01 0.05 2.73 0.05 NGC3532
11052290-5843225 5828.0 65.0 4.54 0.17 0.18 0.06 2.37 0.06 NGC3532
11052473-5843583 5756.0 63.0 4.54 0.18 0.17 0.06 2.56 0.06 NGC3532
11052638-5851250 5052.0 65.0 4.63 0.18 0.01 0.06 1.93 0.08 NGC3532
11053097-5847491 5132.0 65.0 4.5 0.18 -0.01 0.06 1.44 0.08 NGC3532
11053162-5837371 5806.0 64.0 4.43 0.18 0.05 0.05 2.73 0.06 NGC3532
11053233-5841192 6294.0 66.0 4.17 0.18 0.01 0.06 3.11 0.05 NGC3532
11053403-5839094 6415.0 67.0 4.29 0.17 -0.04 0.05 2.69 0.06 NGC3532
11053571-5849079 5095.0 64.0 4.66 0.18 -0.06 0.06 1.57 0.08 NGC3532
11053580-5852123 6251.0 65.0 4.24 0.17 0.0 0.05 2.51 0.06 NGC3532
11053586-5840512 5495.0 66.0 4.38 0.18 0.01 0.06 2.45 0.07 NGC3532
11053605-5851374 5316.0 64.0 4.5 0.17 -0.17 0.05 0.89 0.26 NGC3532
11054562-5843251 5207.0 63.0 4.27 0.18 0.08 0.06 1.66 0.09 NGC3532
11054757-5846152 6453.0 65.0 4.18 0.17 -0.03 0.05 3.13 0.05 NGC3532
11054948-5840187 6183.0 65.0 4.35 0.18 0.12 0.05 2.98 0.06 NGC3532
11055001-5838567 6556.0 65.0 4.11 0.17 0.0 0.06 2.75 0.07 NGC3532
11055041-5844437 6218.0 66.0 4.31 0.17 0.06 0.05 3.05 0.05 NGC3532
11055160-5846526 6354.0 63.0 4.12 0.17 -0.06 0.05 2.47 0.06 NGC3532
11055372-5846422 5318.0 65.0 4.19 0.17 0.05 0.05 1.71 0.07 NGC3532
11055404-5848240 6839.0 66.0 4.02 0.17 -0.13 0.05 3.07 0.04 NGC3532
11055784-5850510 5202.0 63.0 4.55 0.17 0.04 0.06 2.23 0.08 NGC3532
11060115-5848474 6305.0 67.0 4.17 0.17 0.13 0.05 1.71 0.4 NGC3532
11060121-5850254 6581.0 65.0 4.19 0.18 -0.05 0.05 2.6 0.05 NGC3532
11060562-5845112 6537.0 66.0 4.19 0.17 0.06 0.06 3.02 0.05 NGC3532
11060701-5840258 4676.0 68.0 4.79 0.21 0.12 0.06 0.8 0.2 NGC3532
11060867-5843274 6595.0 66.0 4.33 0.17 -0.2 0.06 2.48 0.05 NGC3532
11060956-5838557 4911.0 67.0 4.79 0.17 0.14 0.06 1.3 0.16 NGC3532
11061081-5847119 6998.0 64.0 4.23 0.18 -0.1 0.06 2.73 0.07 NGC3532
11062180-5846500 5846.0 65.0 4.31 0.17 -0.03 0.05 2.82 0.06 NGC3532
11062242-5849516 6639.0 67.0 4.18 0.18 -0.05 0.06 2.61 0.06 NGC3532
11062273-5840579 5909.0 66.0 4.36 0.18 -0.09 0.06 2.75 0.06 NGC3532
11062905-5845014 6432.0 67.0 4.14 0.18 0.02 0.05 2.95 0.06 NGC3532
11062915-5846464 5288.0 64.0 4.43 0.17 -0.12 0.05 2.3 0.07 NGC3532
11043679-5847578 5776.0 33.0 4.48 0.05 0.02 0.05 2.65 0.03 NGC3532
11045622-5847279 5662.0 36.0 4.45 0.05 0.03 0.05 2.27 0.04 NGC3532
11050409-5847535 5819.0 36.0 4.47 0.05 -0.06 0.05 2.64 0.03 NGC3532
11025708-5854543 5229.0 36.0 4.46 0.05 0.28 0.05 0.16 nan NGC3532
11033688-5900544 5801.0 37.0 4.19 0.05 0.16 0.05 2.29 0.03 NGC3532
11035117-5857275 5380.0 36.0 4.42 0.05 -0.02 0.05 2.22 0.04 NGC3532
11035560-5855296 5723.0 36.0 4.36 0.05 -0.03 0.05 2.47 0.04 NGC3532
11044414-5856323 6074.0 37.0 4.34 0.05 -0.06 0.05 2.63 0.03 NGC3532
11041307-5903219 6941.0 64.0 4.2 0.17 0.05 0.05 3.4 0.05 NGC3532
11042080-5902585 6294.0 67.0 4.23 0.17 0.15 0.05 2.98 0.05 NGC3532
11042118-5906578 6347.0 63.0 4.24 0.17 0.06 0.05 3.06 0.05 NGC3532
11042204-5903386 5202.0 65.0 4.87 0.17 0.09 0.05 2.16 0.09 NGC3532
11042387-5906052 6318.0 64.0 4.22 0.18 0.18 0.05 3.01 0.05 NGC3532
11043323-5910423 6587.0 65.0 4.26 0.17 0.06 0.06 3.21 0.05 NGC3532
11043693-5859007 6504.0 63.0 4.15 0.17 0.06 0.05 2.95 0.05 NGC3532
11045009-5900140 5710.0 62.0 4.46 0.18 0.03 0.05 2.54 0.07 NGC3532
11045302-5855218 6369.0 65.0 4.22 0.17 0.06 0.05 2.1 0.12 NGC3532
11050326-5903475 6627.0 66.0 4.14 0.17 -0.08 0.06 2.65 0.08 NGC3532
11051484-5859095 6166.0 62.0 4.26 0.17 0.04 0.05 2.96 0.06 NGC3532
11051887-5852300 4942.0 67.0 4.71 0.17 0.04 0.05 1.26 0.11 NGC3532
11053214-5857081 5297.0 66.0 4.26 0.17 0.11 0.05 1.74 0.08 NGC3532
11053223-5859071 5105.0 67.0 4.71 0.18 -0.02 0.05 2.07 0.08 NGC3532
11053328-5851061 6698.0 66.0 4.17 0.17 0.08 0.05 2.65 0.06 NGC3532
11053628-5857203 6534.0 65.0 4.26 0.17 0.29 0.05 2.82 0.05 NGC3532
11053809-5913327 6497.0 66.0 4.04 0.17 -0.24 0.05 1.87 0.16 NGC3532
11054001-5904341 6511.0 66.0 4.21 0.17 -0.02 0.05 2.71 0.06 NGC3532
11054384-5905457 6327.0 63.0 4.2 0.17 0.08 0.06 3.08 0.05 NGC3532
11054768-5913339 5322.0 66.0 3.82 0.17 0.09 0.05 1.77 0.09 NGC3532
11054909-5909492 6553.0 65.0 4.06 0.17 -0.16 0.05 1.86 0.11 NGC3532
11054984-5858040 6072.0 65.0 4.0 0.18 -0.25 0.05 2.99 0.05 NGC3532
11055220-5855347 6159.0 67.0 4.28 0.17 -0.04 0.05 2.96 0.06 NGC3532
11055228-5910362 6290.0 66.0 4.2 0.18 0.03 0.05 2.82 0.05 NGC3532
11055411-5913028 6219.0 64.0 4.11 0.18 0.08 0.05 1.58 0.48 NGC3532
11055783-5856344 6660.0 65.0 4.12 0.17 0.01 0.05 2.98 0.05 NGC3532
11060045-5906302 5073.0 64.0 4.52 0.17 0.19 0.06 0.64 0.45 NGC3532
11060091-5901146 5045.0 64.0 4.65 0.18 0.12 0.05 0.66 0.5 NGC3532
11060132-5857103 5270.0 67.0 4.18 0.17 0.08 0.05 2.13 0.08 NGC3532
11060148-5902581 6284.0 66.0 4.26 0.17 -0.02 0.06 3.15 0.05 NGC3532
11060272-5856530 5065.0 66.0 4.53 0.17 -0.09 0.05 1.66 0.07 NGC3532
11060426-5900411 5868.0 64.0 4.62 0.18 0.21 0.05 2.05 0.07 NGC3532
11060442-5901343 6451.0 65.0 4.16 0.18 0.01 0.05 3.11 0.05 NGC3532
11060522-5856061 6492.0 66.0 4.13 0.18 -0.05 0.05 2.8 0.05 NGC3532
11060688-5859184 5283.0 64.0 4.28 0.18 0.13 0.05 2.28 0.07 NGC3532
11061533-5852564 6782.0 67.0 4.19 0.18 0.04 0.05 2.6 0.05 NGC3532
11061619-5852177 5006.0 65.0 4.5 0.18 -0.36 0.05 0.46 0.29 NGC3532
11062416-5853194 6749.0 65.0 4.19 0.17 -0.06 0.05 2.67 0.06 NGC3532
11062466-5857125 6219.0 66.0 4.22 0.17 0.04 0.05 3.02 0.05 NGC3532
11062575-5909341 6201.0 65.0 4.34 0.17 -0.04 0.06 3.0 0.06 NGC3532
11062589-5852279 5182.0 63.0 4.76 0.17 0.0 0.06 1.67 0.09 NGC3532
11063854-5908523 5735.0 66.0 4.03 0.17 0.32 0.05 1.71 nan NGC3532
11063921-5907482 5826.0 63.0 4.46 0.17 -0.06 0.05 2.8 0.06 NGC3532
11065091-5858036 5314.0 64.0 4.57 0.18 0.03 0.06 1.82 0.06 NGC3532
11065400-5900568 4989.0 65.0 4.55 0.18 0.03 0.05 2.16 0.09 NGC3532
11065760-5904007 5735.0 64.0 4.27 0.17 -0.03 0.05 2.65 0.06 NGC3532
11070026-5903368 6742.0 66.0 4.22 0.18 0.01 0.05 2.06 0.19 NGC3532
11070193-5859296 5138.0 65.0 4.59 0.17 -0.14 0.05 1.01 nan NGC3532
11070414-5902087 6161.0 63.0 4.33 0.17 -0.32 0.05 2.82 0.05 NGC3532
11070636-5859365 5098.0 65.0 4.52 0.17 -0.07 0.06 1.83 0.08 NGC3532
11044923-5901067 5632.0 33.0 4.44 0.05 -0.01 0.04 2.57 0.05 NGC3532
11045170-5906388 5995.0 35.0 4.44 0.05 -0.01 0.04 3.1 0.04 NGC3532
11052067-5900337 5650.0 32.0 4.44 0.05 -0.02 0.04 2.46 0.04 NGC3532
11055012-5901549 5923.0 32.0 4.14 0.05 0.23 0.05 1.74 nan NGC3532
11063222-5902218 5857.0 34.0 4.27 0.05 0.15 0.04 1.83 nan NGC3532
11050119-5836244 6183.0 66.0 4.2 0.17 -0.01 0.05 3.02 0.06 NGC3532
11050645-5835340 6305.0 66.0 4.25 0.17 0.08 0.05 2.74 0.05 NGC3532
11051407-5839488 6330.0 63.0 4.19 0.17 0.05 0.06 2.98 0.05 NGC3532
11054260-5837538 6598.0 65.0 4.14 0.17 -0.01 0.05 3.07 0.04 NGC3532
11055330-5837047 6249.0 67.0 4.25 0.18 0.04 0.06 3.21 0.05 NGC3532
11060883-5845516 6640.0 66.0 4.29 0.18 -0.05 0.05 2.65 0.05 NGC3532
11061873-5830244 5320.0 65.0 4.72 0.18 -0.07 0.06 2.3 0.07 NGC3532
11061887-5828259 6815.0 66.0 4.19 0.17 0.03 0.06 2.47 0.06 NGC3532
11061994-5841257 6703.0 66.0 4.15 0.17 0.08 0.06 2.4 0.06 NGC3532
11061995-5844489 5357.0 63.0 4.3 0.17 0.05 0.05 2.32 0.07 NGC3532
11062061-5833093 5869.0 66.0 4.34 0.18 0.03 0.05 2.74 0.06 NGC3532
11062506-5839444 5964.0 64.0 4.48 0.17 0.07 0.05 3.01 0.06 NGC3532
11062530-5834341 6681.0 68.0 4.21 0.17 0.01 0.05 2.75 0.06 NGC3532
11062929-5830135 6705.0 65.0 4.23 0.17 -0.02 0.05 2.47 0.07 NGC3532
11063100-5829462 5611.0 65.0 4.45 0.17 0.15 0.05 2.48 0.06 NGC3532
11063511-5824354 6739.0 66.0 3.95 0.17 0.1 0.05 3.32 0.05 NGC3532
11063633-5841326 5307.0 64.0 4.52 0.17 -0.06 0.05 1.85 0.07 NGC3532
11063937-5839582 5166.0 68.0 4.48 0.18 0.03 0.05 1.57 0.09 NGC3532
11064172-5839199 5167.0 64.0 4.17 0.17 0.06 0.05 1.83 0.08 NGC3532
11064553-5841241 6844.0 66.0 4.23 0.17 -0.07 0.05 3.2 0.04 NGC3532
11064734-5837200 6097.0 64.0 4.33 0.18 0.04 0.05 2.76 0.05 NGC3532
11064904-5844090 6106.0 64.0 4.31 0.17 -0.04 0.05 3.07 0.05 NGC3532
11065264-5844589 6258.0 64.0 4.13 0.17 -0.02 0.05 3.05 0.05 NGC3532
11065444-5838316 5142.0 65.0 4.6 0.18 -0.02 0.05 1.69 0.09 NGC3532
11065663-5845014 6130.0 66.0 4.26 0.17 -0.03 0.05 3.02 0.05 NGC3532
11065791-5841574 5168.0 66.0 4.2 0.17 0.02 0.06 1.71 0.09 NGC3532
11070365-5827193 6325.0 64.0 4.2 0.17 0.03 0.05 3.33 0.05 NGC3532
11070866-5830328 6728.0 64.0 4.14 0.17 0.0 0.06 2.43 0.07 NGC3532
11070882-5827521 4874.0 63.0 4.6 0.17 0.06 0.05 1.01 0.12 NGC3532
11070884-5846016 5924.0 64.0 4.27 0.18 -0.03 0.05 2.56 0.06 NGC3532
11071220-5843119 6879.0 65.0 4.18 0.17 -0.04 0.05 2.4 0.07 NGC3532
11071237-5839189 5955.0 65.0 4.37 0.18 -0.04 0.05 2.93 0.06 NGC3532
11072497-5826323 6094.0 65.0 4.2 0.18 -0.35 0.05 2.66 0.05 NGC3532
11072755-5832584 6298.0 66.0 4.16 0.17 -0.04 0.05 2.67 0.05 NGC3532
11073012-5830467 5822.0 64.0 4.44 0.17 0.08 0.05 2.74 0.06 NGC3532
11073535-5827257 5651.0 67.0 4.22 0.17 -0.01 0.05 2.5 0.07 NGC3532
11074076-5830044 4947.0 64.0 4.38 0.18 0.02 0.06 1.42 0.1 NGC3532
11075432-5836059 5981.0 64.0 4.36 0.17 -0.04 0.05 2.89 0.06 NGC3532
11075772-5836556 5335.0 64.0 3.7 0.18 0.13 0.06 1.8 0.08 NGC3532
11053477-5837108 5878.0 39.0 4.46 0.05 0.03 0.04 2.78 0.04 NGC3532
11061685-5835179 5471.0 31.0 4.49 0.05 0.0 0.05 2.29 0.04 NGC3532
11062379-5832269 5595.0 33.0 4.42 0.05 -0.07 0.04 2.63 0.04 NGC3532
11063294-5837483 5743.0 37.0 4.34 0.05 -0.09 0.05 2.73 0.04 NGC3532
11070902-5832057 5752.0 31.0 4.37 0.05 -0.03 0.05 2.63 0.03 NGC3532
11062533-5843191 5242.0 67.0 4.05 0.17 -0.03 0.05 1.23 0.13 NGC3532
11065526-5846448 4762.0 64.0 4.54 0.17 -0.03 0.05 0.58 0.17 NGC3532
11065821-5854085 5621.0 65.0 4.49 0.18 0.02 0.06 3.04 0.07 NGC3532
11070982-5855364 5277.0 65.0 4.59 0.17 0.27 0.05 0.97 0.23 NGC3532
11071992-5859586 5026.0 64.0 4.52 0.18 -0.04 0.05 1.88 0.08 NGC3532
11073024-5901201 6541.0 64.0 4.15 0.17 -0.05 0.06 2.98 0.05 NGC3532
11073255-5849406 5378.0 65.0 4.32 0.17 0.02 0.06 1.87 0.08 NGC3532
11073699-5857004 5979.0 64.0 4.37 0.17 0.04 0.05 2.96 0.06 NGC3532
11080040-5856154 6000.0 66.0 4.49 0.18 0.02 0.06 2.84 0.06 NGC3532
11080864-5844342 6761.0 67.0 4.04 0.18 0.06 0.05 3.18 0.05 NGC3532
11083128-5848276 6081.0 66.0 4.3 0.17 0.02 0.06 3.03 0.05 NGC3532
11084540-5854399 5532.0 65.0 3.95 0.17 0.2 0.05 1.28 0.18 NGC3532
11061962-5849319 5643.0 34.0 4.41 0.05 0.1 0.04 2.57 0.04 NGC3532
11071871-5849027 5634.0 33.0 4.4 0.05 0.03 0.05 2.61 0.04 NGC3532
11073929-5848570 5814.0 33.0 4.36 0.05 -0.09 0.04 2.84 0.03 NGC3532
11081128-5856090 5318.0 33.0 4.45 0.05 -0.03 0.04 2.01 0.04 NGC3532
11082918-5849384 5789.0 31.0 4.35 0.05 -0.04 0.05 2.76 0.03 NGC3532
11020944-5857150 4237.0 76.0 4.96 0.18 0.04 0.09 0.24 0.2 NGC3532
11021161-5900035 5102.0 66.0 3.35 0.17 0.1 0.05 1.11 0.24 NGC3532
11021274-5851353 3391.0 108.0 4.86 0.24 -0.38 0.09 -1.0 nan NGC3532
11021559-5857061 4934.0 66.0 3.17 0.17 -0.04 0.05 1.1 nan NGC3532
11021979-5857078 5064.0 67.0 3.97 0.17 -0.53 0.05 0.98 0.12 NGC3532
11021990-5857540 4394.0 76.0 4.58 0.18 0.04 0.09 0.29 0.18 NGC3532
11022234-5902412 5181.0 65.0 3.35 0.17 0.1 0.06 0.83 1.08 NGC3532
11022362-5859536 4888.0 67.0 2.91 0.18 -0.44 0.06 0.93 0.14 NGC3532
11023337-5856326 3715.0 108.0 4.84 0.24 -0.13 0.09 -0.79 0.59 NGC3532
11023569-5901264 4418.0 78.0 4.87 0.18 0.04 0.09 -0.85 0.49 NGC3532
11024398-5853072 4475.0 78.0 4.57 0.18 0.0 0.09 1.02 0.11 NGC3532
11024472-5901529 5504.0 64.0 3.97 0.18 0.17 0.05 0.97 0.2 NGC3532
11024789-5859176 4738.0 66.0 2.87 0.18 0.17 0.05 -0.75 0.6 NGC3532
11024891-5901377 3352.0 105.0 4.85 0.23 -0.46 0.09 -1.0 nan NGC3532
11025087-5902258 3790.0 77.0 4.8 0.18 -0.19 0.09 0.3 0.2 NGC3532
11025354-5857350 3496.0 111.0 4.87 0.24 -0.32 0.09 -1.0 nan NGC3532
11025419-5904350 3485.0 107.0 4.88 0.24 -0.29 0.09 -0.55 0.57 NGC3532
11025487-5845405 4329.0 76.0 4.85 0.18 0.06 0.09 -0.37 0.47 NGC3532
11025540-5900140 5035.0 64.0 3.03 0.17 -0.03 0.05 0.67 0.48 NGC3532
11025597-5906151 4280.0 74.0 4.68 0.18 0.07 0.1 0.02 nan NGC3532
11025998-5906056 3539.0 107.0 4.87 0.23 -0.3 0.09 -0.81 0.49 NGC3532
11030050-5854279 3348.0 106.0 4.85 0.23 -0.46 0.09 -1.0 nan NGC3532
11030136-5902216 5373.0 83.0 2.59 0.22 -0.24 0.07 1.71 nan NGC3532
11030164-5855320 4496.0 68.0 4.68 0.17 0.18 0.05 0.4 nan NGC3532
11030301-5903524 4956.0 66.0 3.4 0.17 -0.01 0.05 0.21 0.76 NGC3532
11030427-5905073 5111.0 64.0 3.49 0.17 0.11 0.05 1.13 nan NGC3532
11030585-5900039 4993.0 65.0 3.22 0.17 -0.04 0.06 0.25 0.83 NGC3532
11030649-5905099 4112.0 107.0 4.8 0.24 -0.03 0.08 0.23 0.23 NGC3532
11030808-5854018 4414.0 77.0 4.49 0.17 0.04 0.1 0.41 0.16 NGC3532
11031004-5900314 5073.0 66.0 3.69 0.17 0.14 0.05 1.17 0.1 NGC3532
11031628-5905335 3922.0 79.0 4.76 0.18 -0.05 0.1 -0.03 0.28 NGC3532
11033193-5855428 5638.0 63.0 3.76 0.17 0.19 0.05 1.25 0.22 NGC3532
11033317-5848032 3308.0 109.0 4.87 0.24 -0.38 0.09 -0.68 0.43 NGC3532
11033626-5907360 4106.0 74.0 4.78 0.18 -0.01 0.09 0.54 0.11 NGC3532
11034195-5900410 4314.0 74.0 4.81 0.18 0.07 0.09 -0.01 nan NGC3532
11034289-5903262 4264.0 77.0 4.88 0.18 0.05 0.09 -0.58 0.6 NGC3532
11034581-5905077 5240.0 65.0 3.16 0.17 -0.35 0.05 1.12 nan NGC3532
11034595-5906175 5055.0 67.0 3.37 0.17 -0.32 0.05 1.01 0.1 NGC3532
11034928-5904447 5022.0 64.0 3.45 0.17 -0.15 0.05 1.09 0.15 NGC3532
11035056-5904545 4928.0 64.0 3.12 0.17 0.0 0.05 0.99 nan NGC3532
11035383-5900057 4120.0 106.0 4.86 0.24 0.02 0.09 0.9 0.12 NGC3532
11040478-5852413 3435.0 110.0 4.85 0.23 -0.35 0.09 -1.0 nan NGC3532
11040529-5903083 5297.0 63.0 3.65 0.18 0.02 0.06 0.92 0.24 NGC3532
11040718-5858254 4782.0 65.0 3.17 0.17 -0.38 0.05 0.71 nan NGC3532
